5680	1959	91
3661	1959	3
4038	1959	21
134	1959	25
4889	1959	29
4672	1959	1
2229	1959	44
4036	1959	89
2937	1959	56
4671	1959	97
2236	1959	73
122	1959	72
2936	1959	49
3663	1959	66
2930	1959	5
5100	1959	55
3684	1959	15
4667	1959	46
5357	1959	50
814	1959	17
103	1959	82
101	1959	30
2882	1959	28
1527	1959	61
2298	1959	68
3717	1959	54
1522	1959	58
595	1959	70
1247	1959	14
4657	1959	90
2367	1959	23
1241	1959	43
884	1959	8
4604	1959	40
4367	1959	13
5267	1959	32
4200	1959	65
3313	1959	19
4728	1959	22
4218	1959	11
1851	1959	88
3265	1959	10
3348	1959	93
254	1959	80
4245	1959	16
3246	1959	94
1822	1959	57
260	1959	48
3370	1959	42
4975	1959	41
4263	1959	69
1767	1959	35
4075	1959	100
3568	1959	52
5350	1959	45
2105	1959	63
4691	1959	67
3086	1959	2
601	1959	98
4331	1959	24
4697	1959	71
1720	1959	79
1722	1959	85
5063	1959	38
1740	1959	53
4958	1959	81
3129	1959	86
3751	1959	47
3664	1959	75
3307	1959	39
25	1959	34
4548	1959	83
2420	1959	62
4839	1959	77
4603	1959	76
57	1959	26
2547	1959	84
2677	1959	9
4836	1959	7
389	1959	95
2668	1959	78
2561	1959	27
673	1959	51
3782	1959	18
2642	1959	59
4620	1959	60
1341	1959	87
2731	1959	37
5196	1959	4
2720	1959	92
3823	1959	31
2491	1959	99
35	1959	20
1272	1959	6
3777	1959	12
2562	1959	74
1336	1959	64
4614	1959	36
4592	1959	96
2772	1959	33
5431	1960	21
4269	1960	70
1715	1960	31
3967	1960	4
5399	1960	91
944	1960	45
1153	1960	95
5485	1960	12
4847	1960	56
1680	1960	33
486	1960	37
3038	1960	48
3571	1960	20
470	1960	90
5353	1960	14
5447	1960	57
3115	1960	68
536	1960	32
5541	1960	80
3475	1960	88
4613	1960	5
3315	1960	77
4207	1960	28
3325	1960	94
4213	1960	22
1851	1960	93
5238	1960	25
248	1960	16
3279	1960	44
1081	1960	59
3268	1960	42
1320	1960	15
2581	1960	66
1831	1960	52
5697	1960	85
1830	1960	2
5270	1960	40
1377	1960	11
3222	1960	97
1795	1960	50
2590	1960	19
1794	1960	84
3207	1960	64
3402	1960	34
1782	1960	8
4624	1960	67
1754	1960	13
4844	1960	10
5061	1960	81
284	1960	73
3622	1960	41
2385	1960	6
1582	1960	78
2928	1960	38
5244	1960	72
2572	1960	7
4786	1960	58
3703	1960	47
5623	1960	46
2746	1960	82
4878	1960	1
4877	1960	53
5206	1960	54
4449	1960	9
802	1960	29
794	1960	3
2887	1960	96
3713	1960	87
2292	1960	43
1464	1960	49
1499	1960	69
1275	1960	86
4002	1960	26
3771	1960	23
365	1960	27
5468	1960	24
3311	1960	17
4648	1960	71
2804	1960	30
3744	1960	39
2828	1960	51
3991	1960	100
1515	1960	61
2846	1960	92
1258	1960	60
4540	1960	18
826	1960	79
4368	1960	76
4389	1960	98
5653	1960	89
124	1960	55
128	1960	75
4679	1960	36
2210	1960	65
2938	1960	99
4405	1960	83
2700	1960	63
2469	1960	62
696	1960	35
4554	1960	74
3551	1961	75
3732	1961	30
5570	1961	53
3724	1961	7
5546	1961	10
4776	1961	27
3989	1961	86
3746	1961	77
5575	1961	47
4914	1961	78
4861	1961	58
3319	1961	84
4898	1961	50
367	1961	66
328	1961	35
3791	1961	9
1580	1961	62
3344	1961	6
4037	1961	97
4954	1961	69
388	1961	67
5543	1961	72
4946	1961	42
1235	1961	28
1402	1961	17
3968	1961	13
1713	1961	88
4030	1961	54
3961	1961	5
1150	1961	79
297	1961	76
3780	1961	31
5379	1961	8
348	1961	44
3516	1961	29
3975	1961	20
3709	1961	100
1161	1961	36
4157	1961	24
1808	1961	68
3960	1961	46
1300	1961	91
3535	1961	60
338	1961	96
4876	1961	83
1000	1961	41
4681	1961	25
4564	1961	61
4563	1961	95
5640	1961	99
3174	1961	3
2422	1961	74
4712	1961	70
716	1961	11
4374	1961	63
537	1961	87
977	1961	4
2761	1961	15
5067	1961	23
717	1961	33
4510	1961	51
5432	1961	18
3118	1961	81
2368	1961	92
5614	1961	56
2206	1961	52
5454	1961	32
113	1961	26
577	1961	73
4350	1961	64
3205	1961	90
5502	1961	16
2137	1961	2
588	1961	40
2847	1961	94
5508	1961	38
2827	1961	82
2066	1961	48
2896	1961	39
4565	1961	12
3170	1961	55
1956	1961	19
1881	1961	49
1063	1961	14
1884	1961	45
2560	1961	65
5018	1961	85
5527	1961	37
11	1961	43
5045	1961	1
5599	1961	93
3253	1961	21
653	1961	80
3239	1961	98
3945	1961	89
5231	1961	57
2199	1961	34
3233	1961	59
668	1961	22
24	1961	71
4844	1962	9
4434	1962	1
4829	1962	5
4879	1962	39
642	1962	26
5121	1962	23
3693	1962	27
4625	1962	84
5120	1962	89
3802	1962	28
117	1962	46
1565	1962	82
837	1962	69
5118	1962	88
5116	1962	38
133	1962	83
1299	1962	13
3939	1962	4
3657	1962	87
3656	1962	25
5368	1962	50
6	1962	96
5237	1962	91
5198	1962	75
655	1962	15
2540	1962	18
3885	1962	59
742	1962	57
1271	1962	65
4849	1962	12
2617	1962	6
4508	1962	100
2618	1962	56
5184	1962	72
2359	1962	94
2346	1962	93
383	1962	44
2819	1962	8
2438	1962	98
2830	1962	68
2315	1962	99
4848	1962	24
31	1962	63
2889	1962	86
1371	1962	73
5596	1962	64
2187	1962	42
980	1962	47
5423	1962	95
3449	1962	33
3182	1962	21
4145	1962	22
1748	1962	53
4146	1962	55
1741	1962	90
190	1962	48
3139	1962	3
4120	1962	30
4041	1962	29
1708	1962	20
4280	1962	10
4136	1962	78
3501	1962	81
5056	1962	97
4256	1962	66
5530	1962	16
1059	1962	79
1057	1962	32
1893	1962	80
247	1962	37
5666	1962	71
4754	1962	7
4235	1962	17
1820	1962	52
1937	1962	11
5594	1962	70
3234	1962	60
4168	1962	49
4166	1962	58
4250	1962	51
172	1962	61
4612	1962	77
3633	1962	35
3058	1962	41
4791	1962	19
3009	1962	76
2998	1962	34
3064	1962	67
1162	1962	31
4354	1962	45
5702	1962	43
923	1962	36
5094	1962	40
3615	1962	14
3644	1962	74
4341	1962	92
4908	1962	62
3611	1962	85
5612	1962	54
2101	1962	2
889	1963	83
4179	1963	86
766	1963	39
1309	1963	31
4600	1963	82
572	1963	24
1077	1963	97
4414	1963	41
1048	1963	37
1071	1963	27
1065	1963	62
3946	1963	32
5342	1963	65
4581	1963	81
4268	1963	11
461	1963	35
4506	1963	22
5604	1963	25
4768	1963	38
4509	1963	1
970	1963	43
1147	1963	84
4811	1963	90
740	1963	8
4646	1963	77
4474	1963	10
4467	1963	40
590	1963	42
589	1963	5
582	1963	13
702	1963	45
4343	1963	36
4783	1963	67
1208	1963	68
1248	1963	76
995	1963	46
4703	1963	2
3983	1963	57
5122	1963	44
5228	1963	18
5542	1963	93
3154	1963	53
3136	1963	92
5689	1963	17
4953	1963	59
3134	1963	96
3160	1963	48
3526	1963	87
1677	1963	80
3117	1963	66
5510	1963	14
3588	1963	33
2100	1963	51
3593	1963	54
2624	1963	72
2658	1963	70
316	1963	78
2476	1963	49
42	1963	58
3296	1963	9
2439	1963	30
5695	1963	56
1923	1963	100
1883	1963	34
1882	1963	71
2304	1963	20
1751	1963	99
1859	1963	26
1933	1963	6
1833	1963	4
3236	1963	50
2265	1963	55
3217	1963	19
2010	1963	91
4973	1963	73
2463	1963	29
3614	1963	79
5179	1963	64
1496	1963	47
1465	1963	7
3765	1963	12
1485	1963	89
3628	1963	95
1497	1963	74
2964	1963	52
390	1963	60
2553	1963	85
5112	1963	98
5232	1963	28
3859	1963	3
147	1963	94
1547	1963	63
3750	1963	61
2215	1963	15
3884	1963	69
5256	1963	75
2565	1963	23
5491	1963	16
3685	1963	21
2899	1963	88
4823	1964	44
110	1964	13
2275	1964	82
1024	1964	83
2216	1964	73
1021	1964	17
1926	1964	43
1940	1964	88
835	1964	62
2243	1964	95
5115	1964	40
5298	1964	8
4719	1964	51
3223	1964	86
132	1964	50
107	1964	96
734	1964	52
921	1964	84
2384	1964	81
5444	1964	42
556	1964	45
2144	1964	5
3010	1964	19
4513	1964	22
5337	1964	77
3005	1964	14
2891	1964	61
887	1964	29
5511	1964	35
811	1964	21
145	1964	30
4507	1964	76
4699	1964	78
2785	1964	69
2972	1964	99
2035	1964	89
5616	1964	36
3159	1964	41
4401	1964	94
1037	1964	25
4822	1964	80
3295	1964	46
4057	1964	63
321	1964	72
1224	1964	87
3652	1964	11
2295	1964	1
4894	1964	98
1568	1964	39
2601	1964	12
1564	1964	70
3707	1964	16
2539	1964	27
19	1964	65
1503	1964	66
5154	1964	20
5230	1964	37
4859	1964	71
2803	1964	34
435	1964	97
378	1964	57
386	1964	33
3788	1964	24
638	1964	26
3838	1964	53
1372	1964	6
5239	1964	90
3934	1964	75
2575	1964	74
3594	1964	60
5146	1964	47
1194	1964	49
2888	1964	18
5010	1964	67
1054	1964	28
2757	1964	9
1885	1964	3
713	1964	54
3306	1964	7
4737	1964	38
5418	1964	10
3361	1964	58
1088	1964	59
1812	1964	31
1809	1964	93
4750	1964	48
3365	1964	100
2684	1964	56
1128	1964	15
39	1964	85
1137	1964	91
484	1964	64
4126	1964	2
1144	1964	55
3497	1964	4
4108	1964	92
1668	1964	23
762	1964	68
5643	1964	79
1193	1964	32
2349	1965	23
760	1965	8
2708	1965	12
2392	1965	42
2771	1965	71
2768	1965	87
2402	1965	97
720	1965	49
2767	1965	94
2686	1965	99
2667	1965	56
2657	1965	44
4571	1965	91
2533	1965	73
5292	1965	86
2589	1965	83
2372	1965	46
2331	1965	58
1964	1965	14
786	1965	26
3469	1965	68
1132	1965	89
4133	1965	65
1694	1965	51
1681	1965	50
3578	1965	93
4091	1965	66
1182	1965	77
5549	1965	1
1571	1965	34
5540	1965	67
5355	1965	63
5580	1965	27
1259	1965	52
1264	1965	6
4000	1965	59
1455	1965	43
3824	1965	32
3825	1965	76
1319	1965	55
1350	1965	29
5366	1965	28
1507	1965	48
771	1965	24
1784	1965	30
1845	1965	69
2875	1965	41
2280	1965	92
792	1965	54
2898	1965	81
4428	1965	20
2200	1965	80
2193	1965	36
2156	1965	16
3012	1965	70
2151	1965	75
4161	1965	15
2094	1965	2
2071	1965	40
2045	1965	100
979	1965	9
1974	1965	85
3271	1965	25
3274	1965	19
1890	1965	7
1889	1965	11
3304	1965	10
4196	1965	22
928	1965	61
3619	1965	33
2571	1965	64
4821	1965	45
4924	1965	17
5690	1965	84
4745	1965	88
4742	1965	39
5693	1965	5
5003	1965	60
5035	1965	79
208	1965	90
4778	1965	35
200	1965	62
5079	1965	82
4685	1965	98
4680	1965	13
5654	1965	57
139	1965	47
4664	1965	18
5152	1965	21
5657	1965	4
5070	1965	95
4619	1965	74
4971	1965	31
391	1965	53
380	1965	38
372	1965	72
10	1965	3
410	1965	37
4804	1965	96
4842	1965	78
2141	1966	89
914	1966	28
5609	1966	21
2077	1966	42
442	1966	10
2060	1966	91
5510	1966	55
186	1966	39
4321	1966	64
3168	1966	69
2001	1966	44
1991	1966	50
978	1966	45
5577	1966	90
5603	1966	13
3220	1966	24
3793	1966	74
3807	1966	5
4798	1966	63
562	1966	83
4488	1966	14
1328	1966	41
5183	1966	51
4479	1966	35
84	1966	95
2850	1966	16
5718	1966	92
2862	1966	17
96	1966	2
4435	1966	8
109	1966	20
824	1966	7
827	1966	68
140	1966	100
5563	1966	97
2992	1966	70
3003	1966	62
3826	1966	25
5323	1966	3
1023	1966	85
4226	1966	53
3490	1966	78
4944	1966	98
1707	1966	11
4137	1966	87
1672	1966	71
481	1966	58
5279	1966	49
4111	1966	93
450	1966	73
4770	1966	88
3764	1966	56
4900	1966	6
1202	1966	67
453	1966	60
3725	1966	18
4056	1966	15
4048	1966	47
360	1966	29
3623	1966	57
387	1966	86
1107	1966	43
1746	1966	99
4993	1966	32
5532	1966	79
448	1966	52
3330	1966	37
1042	1966	38
251	1966	65
255	1966	94
3349	1966	72
3468	1966	84
2383	1966	36
5409	1966	31
3418	1966	59
1082	1966	96
1765	1966	75
1475	1966	82
5557	1966	19
1091	1966	48
5593	1966	80
1788	1966	30
4492	1966	22
3613	1966	34
5225	1966	27
2652	1966	61
4544	1966	81
616	1966	26
4542	1966	46
2752	1966	77
699	1966	33
62	1966	54
5488	1966	40
2398	1966	76
41	1966	12
2763	1966	4
2442	1966	66
718	1966	1
2699	1966	9
618	1966	23
4337	1967	19
4674	1967	83
4336	1967	67
852	1967	71
4726	1967	29
332	1967	21
3846	1967	13
1557	1967	73
2614	1967	36
2235	1967	75
1406	1967	18
722	1967	61
179	1967	87
115	1967	60
2255	1967	88
2259	1967	12
2704	1967	16
2542	1967	25
5312	1967	58
1761	1967	72
4805	1967	49
3483	1967	3
4621	1967	76
3990	1967	48
3836	1967	31
5009	1967	1
4933	1967	52
1896	1967	89
5507	1967	4
893	1967	22
3509	1967	42
2155	1967	37
5445	1967	81
2108	1967	91
231	1967	30
4543	1967	17
3299	1967	46
2163	1967	93
141	1967	38
5675	1967	56
1762	1967	9
1502	1967	27
874	1967	15
2090	1967	98
1909	1967	80
2498	1967	23
866	1967	77
3831	1967	41
4748	1967	2
2989	1967	26
3696	1967	74
516	1967	82
1239	1967	39
4132	1967	78
4897	1967	50
1044	1967	94
4888	1967	40
376	1967	59
1616	1967	34
3704	1967	43
3166	1967	51
4641	1967	100
192	1967	44
2843	1967	70
1354	1967	90
4257	1967	84
3650	1967	55
2894	1967	92
1062	1967	62
1583	1967	57
4277	1967	85
1630	1967	68
2809	1967	69
1629	1967	28
5181	1967	47
3387	1967	20
778	1967	64
2400	1967	5
4290	1967	33
3187	1967	96
2301	1967	14
3947	1967	24
1542	1967	66
4308	1967	7
97	1967	79
377	1967	95
2886	1967	11
1211	1967	99
2411	1967	54
2024	1967	63
1640	1967	86
5713	1967	32
758	1967	10
1793	1967	8
45	1967	53
4193	1967	45
36	1967	65
678	1967	35
2860	1967	6
1752	1967	97
32	1968	42
3276	1968	9
4535	1968	84
3083	1968	51
1963	1968	37
714	1968	86
1899	1968	92
2452	1968	85
4713	1968	69
5699	1968	15
4013	1968	90
1010	1968	20
3675	1968	96
1467	1968	39
4955	1968	30
185	1968	57
940	1968	32
1925	1968	1
1939	1968	99
1742	1968	18
3447	1968	67
3232	1968	13
971	1968	16
3673	1968	55
4338	1968	65
1750	1968	47
2064	1968	61
4154	1968	75
2632	1968	50
625	1968	63
3179	1968	19
1992	1968	3
30	1968	46
3094	1968	62
4027	1968	89
622	1968	31
3692	1968	41
4363	1968	26
5534	1968	79
4927	1968	7
2246	1968	93
4042	1968	95
1068	1968	66
2256	1968	68
3603	1968	73
400	1968	83
4517	1968	97
4669	1968	29
4215	1968	70
4425	1968	17
4198	1968	33
2890	1968	12
3851	1968	78
1804	1968	11
3655	1968	5
2750	1968	34
4767	1968	91
2859	1968	52
4988	1968	87
5627	1968	77
4734	1968	21
513	1968	98
2504	1968	71
3378	1968	100
4976	1968	10
1636	1968	45
2313	1968	22
2319	1968	72
100	1968	35
5717	1968	38
845	1968	43
2739	1968	23
3044	1968	2
3808	1968	49
2623	1968	25
1886	1968	14
2158	1968	58
4760	1968	36
1687	1968	74
29	1968	4
5446	1968	81
1326	1968	80
5096	1968	24
4912	1968	94
52	1968	48
4484	1968	56
4583	1968	54
4493	1968	6
2213	1968	53
2419	1968	59
4845	1968	76
2747	1968	60
2978	1968	27
5670	1968	82
4222	1968	44
4396	1968	64
2988	1968	40
302	1968	28
1136	1968	88
4722	1968	8
353	1969	53
3719	1969	77
5050	1969	49
1772	1969	13
3242	1969	50
5382	1969	71
1821	1969	58
4989	1969	63
3347	1969	97
3297	1969	32
2489	1969	35
2776	1969	52
3251	1969	68
4996	1969	39
3270	1969	95
5694	1969	45
4243	1969	76
5025	1969	14
3760	1969	19
1749	1969	31
981	1969	12
3499	1969	82
2604	1969	23
102	1969	36
1647	1969	61
4515	1969	18
4926	1969	64
2901	1969	41
2418	1969	51
399	1969	92
5113	1969	69
2503	1969	67
1145	1969	47
333	1969	2
2976	1969	42
1572	1969	79
2170	1969	88
5059	1969	54
5325	1969	20
1569	1969	59
3573	1969	38
4662	1969	72
4925	1969	84
5707	1969	91
1314	1969	33
1585	1969	25
1609	1969	16
2371	1969	60
2769	1969	96
2370	1969	87
3948	1969	78
2348	1969	8
563	1969	66
1628	1969	89
5651	1969	80
4469	1969	1
2327	1969	48
3963	1969	57
1378	1969	73
5306	1969	40
1381	1969	5
430	1969	24
4902	1969	44
3008	1969	94
871	1969	65
885	1969	85
1117	1969	6
2497	1969	26
2068	1969	30
2556	1969	55
3489	1969	93
392	1969	37
4335	1969	98
685	1969	9
1710	1969	43
382	1969	34
1743	1969	17
3778	1969	46
960	1969	10
2007	1969	7
4910	1969	70
1999	1969	99
1996	1969	4
5060	1969	81
4309	1969	83
4942	1969	56
4692	1969	75
2584	1969	21
395	1969	28
729	1969	62
4526	1969	22
3025	1969	15
1688	1969	29
3519	1969	11
4360	1969	27
2092	1969	3
4875	1969	74
1783	1969	90
4529	1969	100
3800	1969	86
4747	1970	80
1607	1970	8
2507	1970	54
341	1970	66
1655	1970	39
3438	1970	70
4762	1970	16
339	1970	93
1627	1970	86
2496	1970	53
1753	1970	30
1763	1970	68
4757	1970	41
282	1970	3
34	1970	2
5547	1970	94
3476	1970	21
1092	1970	71
4640	1970	19
4872	1970	72
2946	1970	96
4419	1970	58
2954	1970	36
4675	1970	82
2982	1970	40
5097	1970	51
3832	1970	43
146	1970	15
2997	1970	50
1404	1970	57
2174	1970	75
883	1970	90
888	1970	48
3047	1970	25
4361	1970	22
3050	1970	63
4359	1970	20
5436	1970	26
4190	1970	31
3796	1970	37
5254	1970	5
13	1970	55
2923	1970	52
1395	1970	69
2574	1970	99
2774	1970	23
2780	1970	87
763	1970	18
75	1970	61
1311	1970	56
2802	1970	9
5194	1970	85
2347	1970	95
3864	1970	32
5180	1970	88
2338	1970	7
5166	1970	64
5304	1970	65
4837	1970	98
798	1970	49
5197	1970	33
2297	1970	79
1387	1970	12
2287	1970	28
5176	1970	73
441	1970	24
3081	1970	81
3107	1970	59
1957	1970	14
5522	1970	92
4259	1970	42
3104	1970	13
5222	1970	97
1935	1970	44
661	1970	1
3209	1970	78
3763	1970	91
3289	1970	62
1509	1970	77
2513	1970	34
1825	1970	46
4977	1970	47
2626	1970	29
4736	1970	60
219	1970	27
4806	1970	45
3643	1970	35
4293	1970	84
5066	1970	89
4317	1970	38
444	1970	10
1471	1970	67
942	1970	17
3119	1970	11
17	1970	74
3792	1970	4
723	1970	100
5576	1970	83
178	1970	6
2588	1970	76
667	1971	65
1183	1971	93
1206	1971	42
1313	1971	68
4784	1971	20
1267	1971	54
3794	1971	37
1559	1971	75
4867	1971	92
3936	1971	41
2621	1971	1
3761	1971	55
662	1971	52
5359	1971	21
3881	1971	97
4883	1971	89
3867	1971	99
2582	1971	3
3775	1971	33
5585	1971	51
5375	1971	46
1500	1971	35
2535	1971	43
4501	1971	30
2506	1971	6
2724	1971	10
2078	1971	91
2445	1971	76
5069	1971	15
3121	1971	86
182	1971	23
4324	1971	100
3148	1971	11
2027	1971	5
3089	1971	2
3151	1971	59
2453	1971	38
4539	1971	96
3264	1971	17
3266	1971	44
4244	1971	14
1901	1971	95
1897	1971	83
1888	1971	36
5001	1971	12
5065	1971	85
4999	1971	87
5261	1971	78
2118	1971	50
4500	1971	26
2316	1971	88
5249	1971	13
5493	1971	73
2851	1971	69
4660	1971	47
5153	1971	22
2414	1971	27
829	1971	34
4349	1971	49
833	1971	71
2217	1971	45
4412	1971	70
2984	1971	94
4394	1971	57
2426	1971	61
2180	1971	66
2168	1971	81
2440	1971	90
4528	1971	58
2931	1971	82
4547	1971	32
3165	1971	62
4632	1971	29
4191	1971	24
38	1971	72
1769	1971	39
2656	1971	9
1759	1971	77
275	1971	80
5405	1971	74
5691	1971	16
285	1971	28
4144	1971	25
4139	1971	64
3521	1971	4
1135	1971	19
1676	1971	7
3533	1971	98
680	1971	18
3550	1971	63
1152	1971	53
312	1971	60
4575	1971	8
5548	1971	79
504	1971	56
5536	1971	84
2462	1971	48
3374	1971	40
3375	1971	67
3343	1971	31
187	1972	84
5241	1972	98
1579	1972	46
1386	1972	52
3300	1972	15
5201	1972	94
104	1972	70
112	1972	27
253	1972	2
3372	1972	73
2245	1972	88
3738	1972	83
3743	1972	30
2940	1972	24
4866	1972	62
1374	1972	29
317	1972	72
2389	1972	59
3942	1972	91
5188	1972	78
2781	1972	60
2789	1972	7
405	1972	35
2355	1972	19
2324	1972	97
3916	1972	41
1617	1972	99
3913	1972	40
2845	1972	11
3598	1972	22
2325	1972	93
2947	1972	54
1675	1972	33
4871	1972	81
3400	1972	14
1594	1972	56
22	1972	31
2011	1972	69
384	1972	95
2034	1972	25
3406	1972	32
1976	1972	50
1530	1972	82
3729	1972	100
16	1972	16
2715	1972	74
3731	1972	28
2069	1972	65
5426	1972	58
3770	1972	67
5033	1972	34
3247	1972	44
5526	1972	4
2494	1972	53
1848	1972	17
280	1972	3
3488	1972	13
394	1972	8
2160	1972	6
3252	1972	57
3255	1972	89
1427	1972	79
2636	1972	51
2620	1972	71
2089	1972	47
5074	1972	80
4607	1972	85
4225	1972	23
1148	1972	92
4040	1972	87
698	1972	48
5615	1972	68
634	1972	9
527	1972	18
4325	1972	26
998	1972	10
862	1972	66
567	1972	63
1209	1972	86
846	1972	49
1293	1972	77
839	1972	45
4710	1972	1
4749	1972	21
4032	1972	43
4556	1972	64
4031	1972	75
512	1972	20
4490	1972	37
4351	1972	96
3998	1972	76
4727	1972	55
4384	1972	38
1041	1972	90
4690	1972	5
1257	1972	36
1039	1972	39
479	1972	42
635	1972	12
1040	1972	61
3647	1973	81
1589	1973	67
3027	1973	32
1560	1973	84
3618	1973	100
5500	1973	8
3678	1973	22
1563	1973	83
4422	1973	91
5497	1973	25
3801	1973	79
1447	1973	54
5712	1973	53
2369	1973	33
5578	1973	95
2362	1973	46
4025	1973	34
2833	1973	4
5582	1973	70
4448	1973	30
4785	1973	11
2900	1973	18
2907	1973	56
1173	1973	87
4874	1973	94
1526	1973	16
1532	1973	96
3695	1973	12
840	1973	72
2943	1973	41
645	1973	88
1656	1973	42
4105	1973	31
999	1973	44
1001	1973	89
4247	1973	50
1903	1973	63
1019	1973	37
5592	1973	19
1084	1973	40
1768	1973	93
1032	1973	48
1033	1973	36
1773	1973	20
3329	1973	5
3336	1973	64
505	1973	52
1069	1973	14
4974	1973	1
3357	1973	39
259	1973	90
3366	1973	45
1945	1973	62
3065	1973	27
3230	1973	38
3496	1973	57
4771	1973	28
4348	1973	97
2081	1973	58
924	1973	47
3830	1973	68
3557	1973	82
183	1973	60
4693	1973	55
3143	1973	80
3149	1973	15
1141	1973	76
961	1973	7
303	1973	85
4696	1973	51
3180	1973	49
4271	1973	77
5053	1973	10
1123	1973	73
1959	1973	69
3221	1973	92
436	1973	2
4203	1973	59
4645	1973	21
677	1973	13
2703	1973	3
3876	1973	24
5681	1973	9
3921	1973	29
1298	1973	61
4843	1973	99
5471	1973	75
3915	1973	78
2597	1973	86
2464	1973	43
5476	1973	6
2693	1973	35
5301	1973	23
2729	1973	74
2544	1973	98
1282	1973	17
4496	1973	65
4502	1973	26
608	1973	71
2762	1973	66
467	1974	94
2204	1974	83
4248	1974	44
1887	1974	53
1016	1974	5
5499	1974	93
2247	1974	76
1723	1974	72
1880	1974	82
2917	1974	45
727	1974	98
3917	1974	96
523	1974	34
5266	1974	49
464	1974	60
4886	1974	47
137	1974	89
3460	1974	37
4782	1974	46
2635	1974	12
4752	1974	6
1345	1974	62
3697	1974	65
121	1974	80
2953	1974	67
1195	1974	78
841	1974	84
5090	1974	87
3491	1974	74
550	1974	21
308	1974	25
3181	1974	13
4560	1974	7
43	1974	28
3907	1974	43
2692	1974	66
4761	1974	86
3892	1974	29
3528	1974	10
3894	1974	17
3900	1974	38
3147	1974	95
4628	1974	56
2000	1974	20
3183	1974	100
4704	1974	48
1987	1974	59
5092	1974	79
5043	1974	39
2417	1974	41
891	1974	4
4772	1974	23
3495	1974	70
3882	1974	51
5663	1974	57
2646	1974	36
3055	1974	3
4357	1974	16
3215	1974	52
5487	1974	99
2460	1974	32
3510	1974	69
2171	1974	97
2612	1974	77
3904	1974	58
2813	1974	26
2794	1974	71
1442	1974	35
4176	1974	15
2373	1974	81
3391	1974	55
4857	1974	1
3786	1974	64
602	1974	30
4825	1974	42
4741	1974	40
1035	1974	33
4486	1974	27
3305	1974	90
2344	1974	85
514	1974	9
445	1974	22
4597	1974	63
4994	1974	24
4186	1974	19
5632	1974	14
3776	1974	68
1874	1974	91
1785	1974	61
5679	1974	31
14	1974	73
4666	1974	50
3337	1974	92
4494	1974	18
1245	1974	88
5172	1974	11
5658	1974	54
1510	1974	75
4044	1974	2
4828	1974	8
4210	1975	33
3067	1975	13
433	1975	61
988	1975	70
3210	1975	91
3030	1975	1
1459	1975	27
5685	1975	48
1466	1975	30
1827	1975	18
1122	1975	80
2702	1975	78
4637	1975	10
3034	1975	24
5257	1975	26
9	1975	17
1422	1975	44
4920	1975	97
5400	1975	75
3534	1975	65
4302	1975	92
2386	1975	77
4285	1975	74
2040	1975	57
4815	1975	85
2044	1975	68
3555	1975	9
3127	1975	35
1303	1975	51
3178	1975	54
1817	1975	36
1149	1975	63
5398	1975	47
2377	1975	42
3565	1975	62
2770	1975	8
1164	1975	55
690	1975	89
5470	1975	23
3092	1975	31
1448	1975	45
3075	1975	34
2086	1975	43
5588	1975	98
925	1975	37
3569	1975	96
1441	1975	67
2376	1975	40
3566	1975	94
1424	1975	7
2638	1975	88
739	1975	81
422	1975	93
304	1975	28
2733	1975	14
3853	1975	2
4153	1975	79
5677	1975	50
1403	1975	58
605	1975	25
2935	1975	83
4858	1975	53
4670	1975	16
3705	1975	49
3706	1975	32
3671	1975	20
5591	1975	66
351	1975	19
4663	1975	59
3712	1975	56
2615	1975	11
2883	1975	41
2744	1975	60
5624	1975	84
2749	1975	22
5242	1975	52
828	1975	46
5496	1975	39
3301	1975	5
4522	1975	99
524	1975	12
2941	1975	90
3248	1975	73
1592	1975	76
1590	1975	64
1588	1975	100
2545	1975	86
503	1975	4
4087	1975	82
565	1975	15
1012	1975	69
788	1975	38
4149	1975	6
3427	1975	87
2119	1975	72
3373	1975	71
2406	1975	95
4739	1975	21
3665	1975	3
2594	1975	29
1061	1976	4
4570	1976	25
4204	1976	59
3905	1976	62
4998	1976	54
1871	1976	60
4596	1976	98
234	1976	40
5700	1976	90
3235	1976	34
2529	1976	65
4234	1976	85
5519	1976	84
1734	1976	78
3245	1976	17
4197	1976	1
4156	1976	63
1693	1976	33
27	1976	26
4135	1976	81
5647	1976	31
5667	1976	32
1064	1976	42
4173	1976	50
1080	1976	55
655	1976	91
4943	1976	69
2639	1976	94
5646	1976	22
1109	1976	97
3211	1976	19
1112	1976	3
1430	1976	79
3902	1976	96
5308	1976	58
5459	1976	86
106	1976	10
116	1976	46
1525	1976	76
3852	1976	77
4880	1976	43
4882	1976	29
2932	1976	39
4420	1976	82
3691	1976	5
5314	1976	71
5108	1976	38
1396	1976	70
2208	1976	52
2983	1976	15
2985	1976	23
2987	1976	9
2716	1976	6
1492	1976	56
3871	1976	28
2321	1976	13
373	1976	68
397	1976	89
3994	1976	11
600	1976	18
1274	1976	37
1273	1976	51
3997	1976	64
2363	1976	72
4659	1976	45
2798	1976	67
2801	1976	75
5674	1976	83
4477	1976	74
81	1976	8
4020	1976	53
2826	1976	36
2332	1976	61
2326	1976	21
603	1976	20
2832	1976	66
1487	1976	14
5220	1976	73
3224	1976	92
4365	1976	99
167	1976	12
910	1976	57
4109	1976	47
4687	1976	87
2458	1976	48
3070	1976	49
1619	1976	80
933	1976	100
3052	1976	41
3562	1976	35
1611	1976	24
1660	1976	93
3014	1976	30
5089	1976	95
4546	1976	44
3002	1976	7
1179	1976	2
4538	1976	27
5226	1976	88
1587	1976	16
2396	1977	11
5610	1977	27
604	1977	93
2017	1977	19
4345	1977	22
2669	1977	47
44	1977	8
4274	1977	38
2546	1977	66
1842	1977	57
927	1977	32
780	1977	58
5633	1977	13
175	1977	86
2009	1977	25
4617	1977	15
4650	1977	79
3133	1977	14
2404	1977	42
5269	1977	64
1049	1977	41
2683	1977	75
4334	1977	95
5233	1977	90
2043	1977	98
770	1977	26
4208	1977	18
2179	1977	2
2852	1977	74
5631	1977	76
3018	1977	80
4291	1977	88
2234	1977	82
3284	1977	89
2728	1977	97
2958	1977	37
4371	1977	63
4377	1977	99
2967	1977	70
4378	1977	71
525	1977	3
4246	1977	67
1943	1977	84
2194	1977	6
994	1977	45
5044	1977	10
165	1977	61
5021	1977	1
3054	1977	85
2312	1977	51
3309	1977	60
3073	1977	43
5156	1977	9
868	1977	68
5307	1977	65
2605	1977	73
4436	1977	54
579	1977	36
2271	1977	87
821	1977	91
2415	1977	35
2911	1977	77
2929	1977	50
4520	1977	49
5661	1977	48
1017	1977	12
2613	1977	62
3861	1977	23
455	1977	53
1342	1977	40
299	1977	5
1662	1977	78
5574	1977	92
5385	1977	24
1781	1977	46
1353	1977	4
1451	1977	31
3405	1977	55
1213	1977	52
3443	1977	83
4835	1977	44
1142	1977	17
1735	1977	20
4817	1977	81
340	1977	69
1278	1977	39
1178	1977	29
1698	1977	21
3511	1977	30
1682	1977	94
1186	1977	7
5676	1977	56
1083	1977	100
3394	1977	59
1236	1977	96
1484	1977	28
1481	1977	72
1310	1977	33
3879	1977	34
5373	1977	16
1198	1978	93
5109	1978	94
2220	1978	88
2755	1978	34
5605	1978	89
4320	1978	33
1008	1978	29
2028	1978	6
606	1978	9
1111	1978	54
5299	1978	98
4779	1978	97
1014	1978	20
2431	1978	19
4400	1978	4
3286	1978	53
5688	1978	13
1744	1978	11
1912	1978	60
4071	1978	77
266	1978	75
3842	1978	65
5630	1978	3
5520	1978	18
2857	1978	87
586	1978	61
1491	1978	84
591	1978	81
3504	1978	55
375	1978	67
1476	1978	92
370	1978	7
1986	1978	99
5660	1978	76
4481	1978	69
5125	1978	30
4948	1978	58
4421	1978	52
1452	1978	21
440	1978	26
5040	1978	28
2002	1978	35
2003	1978	36
287	1978	45
1721	1978	47
2006	1978	22
5190	1978	42
2775	1978	15
751	1978	27
1423	1978	79
4064	1978	78
1922	1978	68
4695	1978	38
4159	1978	41
3198	1978	16
2593	1978	31
2672	1978	17
1330	1978	14
920	1978	74
4724	1978	49
1315	1978	96
3356	1978	91
5642	1978	63
23	1978	8
1360	1978	73
929	1978	66
2149	1978	12
3029	1978	44
1604	1978	85
1190	1978	80
1052	1978	100
4106	1978	64
4590	1978	32
4969	1978	50
5595	1978	59
3404	1978	2
882	1978	56
3096	1978	40
5369	1978	70
1181	1978	71
5684	1978	37
2990	1978	23
2714	1978	5
4959	1978	10
493	1978	72
2577	1978	90
3969	1978	82
3649	1978	62
4545	1978	86
1301	1978	39
5415	1978	83
2995	1978	46
2586	1978	24
3591	1978	43
2470	1978	51
5296	1978	25
4	1978	57
2099	1978	95
4089	1978	1
4223	1978	48
4453	1979	23
4432	1979	100
2288	1979	34
4698	1979	50
3111	1979	14
1163	1979	81
3082	1979	12
4112	1979	46
5349	1979	59
1689	1979	51
3577	1979	77
2289	1979	62
2299	1979	37
1168	1979	26
181	1979	65
4323	1979	93
2042	1979	84
2971	1979	41
2178	1979	75
2996	1979	68
2049	1979	87
2176	1979	72
2220	1979	64
4092	1979	73
4764	1979	35
2939	1979	66
4069	1979	78
2012	1979	7
4682	1979	97
5062	1979	16
5351	1979	19
2154	1979	90
3116	1979	36
118	1979	17
1614	1979	83
4117	1979	47
164	1979	38
4101	1979	25
834	1979	63
4102	1979	31
1214	1979	91
2111	1979	99
3037	1979	33
2351	1979	32
2300	1979	74
3887	1979	80
5569	1979	8
3883	1979	9
1392	1979	89
3974	1979	10
2726	1979	22
1978	1979	44
2743	1979	42
3282	1979	49
1009	1979	95
3850	1979	5
3981	1979	98
1733	1979	69
4514	1979	85
607	1979	57
428	1979	2
1872	1979	43
1870	1979	39
3890	1979	54
26	1979	58
3397	1979	60
1834	1979	45
3341	1979	1
1847	1979	18
4572	1979	56
1355	1979	55
1113	1979	76
5652	1979	86
2492	1979	48
3321	1979	28
4991	1979	79
2660	1979	29
5407	1979	13
5271	1979	53
620	1979	70
426	1979	92
3843	1979	67
1015	1979	96
1714	1979	20
5038	1979	11
2783	1979	24
996	1979	4
5601	1979	30
5302	1979	94
2307	1979	6
1725	1979	52
1250	1979	88
3758	1979	82
4755	1979	27
4475	1979	61
4148	1979	71
4716	1979	40
1468	1979	15
5608	1979	21
2782	1979	3
361	1980	20
672	1980	92
782	1980	12
1171	1980	64
1174	1980	31
2824	1980	70
901	1980	7
5581	1980	24
2825	1980	59
912	1980	56
5678	1980	57
2579	1980	9
649	1980	97
636	1980	41
2102	1980	62
1331	1980	53
4586	1980	37
4820	1980	44
2837	1980	30
4352	1980	42
3931	1980	60
2619	1980	89
2517	1980	69
3910	1980	4
1348	1980	11
4595	1980	86
2892	1980	16
2944	1980	33
1470	1980	67
3680	1980	77
4070	1980	90
3982	1980	32
2237	1980	80
3698	1980	19
5637	1980	75
1561	1980	8
3833	1980	100
1425	1980	66
4415	1980	23
1288	1980	85
2969	1980	15
4061	1980	43
5210	1980	88
2269	1980	95
3992	1980	87
2740	1980	35
4816	1980	10
3865	1980	17
4082	1980	25
724	1980	1
5558	1980	14
3887	1980	54
5182	1980	18
3727	1980	40
4424	1980	46
2474	1980	96
5111	1980	94
4375	1980	82
1305	1980	84
4402	1980	26
3091	1980	3
1187	1980	63
286	1980	72
2067	1980	78
1099	1980	74
4152	1980	98
171	1980	51
4150	1980	22
217	1980	55
3484	1980	79
215	1980	99
5031	1980	36
4756	1980	81
3238	1980	39
5607	1980	93
1948	1980	50
5002	1980	48
4140	1980	65
531	1980	49
3212	1980	71
1127	1980	5
1659	1980	91
5286	1980	45
5518	1980	21
938	1980	34
3515	1980	52
3525	1980	73
966	1980	13
546	1980	27
953	1980	6
2032	1980	68
985	1980	29
4164	1980	76
4932	1980	28
1850	1980	47
1043	1980	61
1074	1980	58
310	1980	2
1856	1980	83
3426	1980	38
20	1981	4
1506	1981	92
4830	1981	76
95	1981	9
5460	1981	56
976	1981	40
3196	1981	99
2609	1981	5
799	1981	6
1051	1981	57
1970	1981	81
4459	1981	91
4940	1981	58
1338	1981	2
4790	1981	28
1879	1981	70
4870	1981	23
2573	1981	82
2211	1981	20
4076	1981	97
2566	1981	42
4294	1981	51
2219	1981	8
2021	1981	45
2223	1981	89
507	1981	13
4884	1981	11
344	1981	64
119	1981	61
1212	1981	71
301	1981	25
1329	1981	31
4983	1981	48
2915	1981	34
5692	1981	90
4426	1981	59
3218	1981	95
1954	1981	46
33	1981	33
1367	1981	27
2671	1981	18
2745	1981	39
5531	1981	21
2742	1981	3
4525	1981	78
4249	1981	88
5012	1981	53
1766	1981	29
2718	1981	7
228	1981	74
4228	1981	19
276	1981	62
2690	1981	10
5336	1981	85
4838	1981	17
4550	1981	50
3249	1981	12
5636	1981	43
4990	1981	100
3781	1981	14
2360	1981	98
1453	1981	77
5039	1981	54
3803	1981	15
5533	1981	35
1858	1981	41
5187	1981	37
4569	1981	32
528	1981	1
1932	1981	72
3987	1981	79
3240	1981	52
4673	1981	93
4622	1981	87
3817	1981	96
916	1981	80
4473	1981	22
3641	1981	38
2121	1981	44
5262	1981	86
2098	1981	67
5509	1981	84
1573	1981	66
5439	1981	94
4689	1981	47
5071	1981	83
5437	1981	68
3049	1981	26
314	1981	65
4381	1981	24
4404	1981	75
5322	1981	55
143	1981	16
2076	1981	73
2062	1981	49
1665	1981	60
4678	1981	30
3141	1981	69
4686	1981	36
174	1981	63
5701	1982	48
2792	1982	36
5559	1982	96
2784	1982	35
3590	1982	63
4913	1982	58
3492	1982	69
5606	1982	64
5358	1982	93
1119	1982	95
148	1982	9
800	1982	5
3124	1982	92
796	1982	53
1801	1982	10
587	1982	62
2592	1982	7
1335	1982	76
2841	1982	33
1591	1982	82
1244	1982	6
85	1982	39
1961	1982	31
3498	1982	88
5191	1982	87
2812	1982	24
5449	1982	30
3935	1982	14
2421	1982	38
5472	1982	54
2070	1982	8
2695	1982	50
5600	1982	65
1090	1982	66
4963	1982	99
4834	1982	21
1363	1982	79
2696	1982	17
4561	1982	11
4566	1982	70
3112	1982	46
4567	1982	41
3109	1982	84
1352	1982	37
4580	1982	85
3581	1982	34
1860	1982	40
319	1982	83
5258	1982	57
2701	1982	91
4096	1982	23
3033	1982	72
269	1982	22
3753	1982	44
1408	1982	2
1407	1982	32
1902	1982	80
3572	1982	29
3043	1982	55
5215	1982	94
3612	1982	42
898	1982	74
4530	1982	28
3053	1982	47
4644	1982	43
4162	1982	89
5214	1982	19
5649	1982	18
5075	1982	45
3662	1982	60
5291	1982	25
5106	1982	27
813	1982	12
1671	1982	75
3529	1982	61
959	1982	78
917	1982	52
4292	1982	68
1998	1982	56
1215	1982	73
1219	1982	20
2994	1982	59
1131	1982	51
1686	1982	97
2181	1982	81
5583	1982	77
2559	1982	71
4796	1982	26
2209	1982	3
3669	1982	1
2093	1982	15
344	1982	98
94	1982	16
1539	1982	49
3188	1982	86
1317	1982	100
1316	1982	4
1802	1982	13
2014	1982	90
2238	1982	67
2773	1983	87
4283	1983	59
1324	1983	22
2022	1983	61
2388	1983	74
1428	1983	67
1105	1983	48
5081	1983	47
5114	1983	19
3113	1983	66
5087	1983	85
413	1983	26
4718	1983	49
4118	1983	23
3640	1983	91
393	1983	8
4370	1983	44
4067	1983	38
225	1983	78
1434	1983	93
3606	1983	54
5246	1983	68
832	1983	62
2008	1983	75
161	1983	57
5022	1983	96
2607	1983	21
2416	1983	94
265	1983	46
2188	1983	20
4533	1983	10
3269	1983	28
218	1983	70
4107	1983	14
1138	1983	11
162	1983	24
547	1983	2
1053	1983	86
2063	1983	17
1726	1983	51
4131	1983	15
61	1983	41
5622	1983	97
1419	1983	100
2526	1983	55
1189	1983	60
4818	1983	35
3175	1983	36
1416	1983	81
21	1983	33
3380	1983	16
5046	1983	6
3558	1983	39
4431	1983	71
28	1983	84
3130	1983	9
1477	1983	3
3328	1983	73
3589	1983	53
5710	1983	79
1356	1983	1
2831	1983	18
5659	1983	12
1671	1983	56
4985	1983	34
878	1983	13
4437	1983	42
1072	1983	30
469	1983	5
4578	1983	83
2318	1983	69
246	1983	43
3759	1983	64
3128	1983	7
5602	1983	37
4794	1983	65
1854	1983	80
5316	1983	88
2541	1983	95
656	1983	99
2895	1983	25
1256	1983	4
2055	1983	89
4079	1983	32
2356	1983	77
5589	1983	29
2587	1983	76
4559	1983	92
4143	1983	58
5041	1983	50
876	1983	63
3666	1983	90
1849	1983	72
3779	1983	31
3908	1983	52
5178	1983	27
4618	1983	45
5303	1983	40
4408	1983	82
1166	1983	98
2508	1984	58
1020	1984	92
2446	1984	64
250	1984	59
1836	1984	88
4720	1984	30
2629	1984	18
615	1984	35
2628	1984	6
3893	1984	99
5005	1984	50
4731	1984	44
4992	1984	84
2679	1984	10
4295	1984	26
3608	1984	8
3074	1984	66
4961	1984	78
4209	1984	40
170	1984	5
3445	1984	81
3683	1984	86
1625	1984	9
2616	1984	24
3098	1984	96
648	1984	69
4915	1984	83
643	1984	27
3970	1984	53
1878	1984	7
1498	1984	4
5186	1984	39
937	1984	67
2829	1984	49
1962	1984	23
2162	1984	33
3940	1984	87
3494	1984	31
98	1984	28
1649	1984	75
774	1984	51
4758	1984	89
4850	1984	46
4012	1984	22
2797	1984	60
5402	1984	98
4016	1984	3
5117	1984	42
1797	1984	45
2840	1984	21
4450	1984	32
654	1984	80
3195	1984	63
4905	1984	71
2173	1984	25
1984	1984	79
4602	1984	19
5381	1984	1
3512	1984	94
5157	1984	93
982	1984	68
5165	1984	43
2842	1984	13
3093	1984	97
3204	1984	11
4809	1984	16
5571	1984	100
288	1984	72
5016	1984	90
1018	1984	14
2530	1984	56
3976	1984	54
1900	1984	38
5362	1984	2
2428	1984	47
964	1984	73
1645	1984	15
5639	1984	65
836	1984	82
4986	1984	17
1409	1984	37
4487	1984	36
1732	1984	91
1007	1984	74
216	1984	12
2381	1984	76
4058	1984	20
2085	1984	29
4119	1984	34
3020	1984	62
4387	1984	61
3395	1984	95
356	1984	48
159	1984	70
4647	1984	52
1285	1984	41
5564	1984	85
2291	1984	55
2251	1984	77
2991	1984	57
4732	1985	19
5278	1985	14
3389	1985	44
3367	1985	38
5274	1985	20
3407	1985	40
4468	1985	100
5284	1985	57
4458	1985	52
3203	1985	49
3192	1985	69
3752	1985	93
5461	1985	85
4446	1985	46
2877	1985	2
4039	1985	34
4869	1985	36
3651	1985	96
4282	1985	80
3173	1985	27
2934	1985	86
4065	1985	99
4066	1985	50
3169	1985	83
4286	1985	79
3545	1985	54
3541	1985	33
3144	1985	58
5315	1985	87
4801	1985	15
5276	1985	39
4909	1985	41
5464	1985	94
4688	1985	53
3958	1985	66
2637	1985	91
4819	1985	48
3425	1985	72
3596	1985	6
4167	1985	21
3062	1985	29
3060	1985	28
5218	1985	3
3858	1985	32
4594	1985	10
5205	1985	68
3481	1985	56
5193	1985	78
4366	1985	18
5032	1985	77
3630	1985	22
3804	1985	51
4254	1985	62
3493	1985	31
4004	1985	23
3227	1985	8
4482	1985	74
4516	1985	45
2779	1985	84
5243	1985	75
206	1985	42
1520	1985	95
822	1985	17
736	1985	13
719	1985	88
1312	1985	12
5562	1985	70
913	1985	26
229	1985	65
1540	1985	89
955	1985	9
2405	1985	82
294	1985	81
1538	1985	43
1130	1985	90
1534	1985	76
773	1985	1
220	1985	97
1281	1985	98
2296	1985	4
357	1985	61
1673	1985	67
619	1985	92
529	1985	59
5686	1985	37
2461	1985	55
2139	1985	5
5618	1985	47
1199	1985	64
1376	1985	7
463	1985	71
1835	1985	60
1394	1985	11
1863	1985	24
1388	1985	25
5597	1985	30
138	1985	35
1238	1985	16
2480	1985	63
2095	1985	73
3028	1986	97
3617	1986	29
2734	1986	9
674	1986	5
5550	1986	68
5328	1986	43
4579	1986	27
2225	1986	3
154	1986	10
2705	1986	96
5619	1986	30
5283	1986	60
4310	1986	37
4599	1986	57
2457	1986	53
1979	1986	22
385	1986	85
2709	1986	19
1176	1986	34
4605	1986	73
1674	1986	14
5347	1986	56
2856	1986	78
5469	1986	69
105	1986	98
4537	1986	90
5195	1986	38
4195	1986	70
199	1986	61
3368	1986	18
424	1986	79
2839	1986	45
3354	1986	58
4217	1986	23
2335	1986	99
4219	1986	80
193	1986	17
1026	1986	42
1022	1986	39
5714	1986	91
5462	1986	67
5128	1986	51
1679	1986	100
969	1986	52
5412	1986	31
4574	1986	59
3088	1986	36
5019	1986	81
4573	1986	88
1946	1986	20
3507	1986	4
3632	1986	7
3479	1986	93
697	1986	8
1745	1986	11
3430	1986	44
207	1986	74
2397	1986	63
5078	1986	41
5077	1986	76
3408	1986	87
5130	1986	71
4534	1986	75
4833	1986	55
4050	1986	12
4238	1986	72
4358	1986	92
4024	1986	2
2054	1986	25
1323	1986	86
2103	1986	26
2918	1986	65
272	1986	50
3951	1986	77
4633	1986	95
4653	1986	1
1544	1986	13
120	1986	83
5235	1986	49
3784	1986	66
4451	1986	21
2047	1986	6
5387	1986	32
2521	1986	54
5234	1986	89
3131	1986	48
904	1986	40
3993	1986	24
1280	1986	94
4966	1986	84
5311	1986	15
2107	1986	46
3659	1986	64
3026	1986	82
5551	1986	47
4901	1986	33
5709	1986	62
3891	1986	28
2908	1986	35
4895	1986	16
2968	1987	31
3880	1987	94
2848	1987	48
2258	1987	18
710	1987	6
3461	1987	85
3462	1987	5
1861	1987	84
3126	1987	65
5199	1987	91
3463	1987	25
352	1987	20
5463	1987	42
2169	1987	53
4296	1987	69
3896	1987	73
2913	1987	10
541	1987	81
1370	1987	12
2527	1987	78
1846	1987	33
3847	1987	89
3854	1987	72
2595	1987	41
2175	1987	45
420	1987	59
5052	1987	44
2790	1987	29
4188	1987	60
443	1987	95
1905	1987	7
545	1987	75
759	1987	63
3231	1987	19
877	1987	62
1085	1987	79
4374	1987	67
783	1987	71
1837	1987	17
962	1987	90
2185	1987	36
1093	1987	22
777	1987	56
2814	1987	77
12	1987	32
261	1987	14
5023	1987	68
1172	1987	13
663	1987	86
4314	1987	83
2753	1987	40
1177	1987	92
5253	1987	74
3582	1987	30
40	1987	98
658	1987	66
2957	1987	16
5137	1987	38
3036	1987	100
1562	1987	99
5503	1987	50
4322	1987	39
4781	1987	28
1201	1987	54
4744	1987	21
2689	1987	35
3177	1987	82
2482	1987	47
5458	1987	88
4856	1987	8
5626	1987	34
4326	1987	55
4706	1987	76
252	1987	2
3570	1987	26
4100	1987	3
5621	1987	43
3156	1987	96
2674	1987	87
2413	1987	97
797	1987	46
2893	1987	51
1155	1987	93
2270	1987	4
808	1987	61
908	1987	37
15	1987	27
2736	1987	58
2735	1987	11
1170	1987	57
3714	1987	80
2290	1987	24
1950	1987	49
5229	1987	1
5006	1987	64
4104	1987	9
3076	1987	52
2252	1987	23
5396	1987	70
5521	1987	15
2328	1988	20
5327	1988	50
2282	1988	74
764	1988	71
3123	1988	21
752	1988	90
3229	1988	45
2293	1988	59
5512	1988	12
2249	1988	93
4527	1988	5
2061	1988	25
108	1988	29
5494	1988	18
4262	1988	6
3162	1988	63
926	1988	8
3106	1988	38
2125	1988	43
1971	1988	24
1869	1988	7
3103	1988	51
4113	1988	26
5192	1988	96
3682	1988	75
2653	1988	97
268	1988	80
1240	1988	88
1237	1988	37
3670	1988	81
3660	1988	64
4623	1988	53
4043	1988	16
2146	1988	57
5393	1988	82
4711	1988	14
2142	1988	94
1605	1988	15
1210	1988	83
5297	1988	84
4846	1988	78
1243	1988	55
53	1988	62
4021	1988	73
3736	1988	19
3912	1988	68
325	1988	13
1390	1988	72
3925	1988	10
1414	1988	1
1340	1988	31
5367	1988	52
3822	1988	39
1435	1988	76
1325	1988	77
1438	1988	27
2528	1988	17
825	1988	92
3762	1988	100
1494	1988	32
2164	1988	85
291	1988	34
4864	1988	36
1644	1988	60
3597	1988	54
4103	1988	22
2977	1988	30
4163	1988	47
3409	1988	87
1779	1988	9
2128	1988	48
1079	1988	46
3396	1988	65
1104	1988	61
4187	1988	58
1075	1988	56
3379	1988	4
4199	1988	23
3363	1988	2
3360	1988	28
5419	1988	33
429	1988	41
3390	1988	95
3457	1988	98
4753	1988	49
1731	1988	3
1160	1988	70
2722	1988	91
2443	1988	67
5208	1988	99
1159	1988	79
3543	1988	11
2730	1988	42
4138	1988	40
3537	1988	89
111	1988	35
3527	1988	69
2133	1988	86
790	1988	66
5014	1988	44
823	1989	59
2131	1989	62
5310	1989	74
2195	1989	56
3016	1989	47
4430	1989	4
864	1989	6
4763	1989	41
851	1989	77
5123	1989	20
3042	1989	81
3066	1989	68
5504	1989	7
5620	1989	52
1365	1989	3
2025	1989	27
1207	1989	38
3625	1989	86
371	1989	28
4051	1989	69
5392	1989	37
3645	1989	71
4045	1989	63
1558	1989	65
1233	1989	14
4863	1989	64
3715	1989	91
5386	1989	34
1635	1989	16
1516	1989	30
1276	1989	89
4947	1989	92
298	1989	70
342	1989	53
3812	1989	46
4919	1989	96
3933	1989	80
1405	1989	55
3873	1989	11
1349	1989	32
3895	1989	45
3898	1989	95
3995	1989	54
4369	1989	76
1637	1989	8
227	1989	78
4347	1989	58
936	1989	73
3199	1989	67
3200	1989	5
5330	1989	84
458	1989	44
163	1989	79
4281	1989	57
4802	1989	83
4260	1989	51
4253	1989	93
1868	1989	94
398	1989	9
1867	1989	15
3339	1989	2
5058	1989	29
5411	1989	60
5344	1989	97
1786	1989	49
4178	1989	75
4127	1989	88
1711	1989	40
3508	1989	19
4121	1989	18
3518	1989	43
1667	1989	10
3310	1989	50
4759	1989	17
1361	1989	48
2433	1989	35
683	1989	36
2339	1989	23
573	1989	21
2691	1989	100
2240	1989	85
621	1989	39
2454	1989	24
5489	1989	33
2778	1989	82
5236	1989	72
4702	1989	99
58	1989	61
2970	1989	13
2945	1989	1
5212	1989	12
2333	1989	26
2885	1989	22
4751	1989	31
2567	1989	90
2273	1989	87
4511	1989	98
2874	1989	25
701	1989	42
2483	1989	66
5334	1990	91
2241	1990	72
3837	1990	19
1343	1990	66
5389	1990	88
4970	1990	100
1029	1990	34
2117	1990	36
3856	1990	38
4738	1990	62
2342	1990	63
5338	1990	71
1230	1990	29
196	1990	21
2662	1990	94
2651	1990	77
5438	1990	83
1344	1990	75
1818	1990	47
2023	1990	12
2341	1990	39
2543	1990	2
311	1990	7
18	1990	86
753	1990	60
2026	1990	52
5515	1990	48
2268	1990	22
943	1990	9
4945	1990	90
3768	1990	13
2608	1990	93
4312	1990	58
1969	1990	1
1967	1990	8
3749	1990	68
3810	1990	54
3742	1990	51
3944	1990	23
5169	1990	32
1514	1990	92
1265	1990	37
875	1990	49
3716	1990	4
2314	1990	56
1913	1990	43
4799	1990	26
3108	1990	89
1907	1990	74
2599	1990	61
712	1990	85
1531	1990	64
2643	1990	57
5528	1990	96
5129	1990	30
5465	1990	95
3929	1990	80
3022	1990	67
573	1990	46
3583	1990	14
3016	1990	78
2150	1990	82
3459	1990	3
1383	1990	41
3	1990	27
5282	1990	35
3888	1990	40
4907	1990	98
1184	1990	20
2707	1990	70
1125	1990	11
2449	1990	25
1646	1990	69
3487	1990	84
1369	1990	81
560	1990	59
1140	1990	53
1666	1990	65
5202	1990	6
2424	1990	45
4115	1990	24
5204	1990	5
3024	1990	76
575	1990	10
210	1990	16
3161	1990	99
1346	1990	15
5280	1990	87
240	1990	79
416	1990	42
853	1990	17
1612	1990	73
5133	1990	55
4406	1990	33
4553	1990	97
3031	1990	28
564	1990	18
4062	1990	31
257	1990	44
3424	1990	50
2622	1991	23
4709	1991	9
1980	1991	46
2375	1991	83
1716	1991	20
1975	1991	25
4860	1991	71
3977	1991	63
951	1991	75
1593	1991	80
5683	1991	27
4316	1991	55
4315	1991	78
5015	1991	53
2279	1991	2
343	1991	64
2676	1991	21
1143	1991	98
2425	1991	54
4192	1991	73
226	1991	92
1699	1991	3
4194	1991	82
3544	1991	5
3184	1991	97
3971	1991	4
2412	1991	31
366	1991	10
77	1991	61
3477	1991	94
3609	1991	40
4297	1991	13
2395	1991	42
4063	1991	29
4631	1991	58
1108	1991	90
4174	1991	68
5421	1991	37
2337	1991	65
3686	1991	77
3690	1991	57
4151	1991	100
1546	1991	15
1758	1991	91
2343	1991	76
1535	1991	95
2641	1991	87
1904	1991	72
4803	1991	41
1942	1991	14
3241	1991	7
3676	1991	84
4792	1991	93
3256	1991	11
242	1991	16
3739	1991	47
3465	1991	67
973	1991	70
1908	1991	36
4997	1991	62
5051	1991	30
1118	1991	32
5036	1991	74
166	1991	56
2473	1991	48
957	1991	66
2123	1991	26
3874	1991	17
3814	1991	85
485	1991	12
1373	1991	86
3928	1991	24
3862	1991	89
5480	1991	79
1332	1991	22
4774	1991	99
2075	1991	18
2261	1991	52
3032	1991	19
2963	1991	33
4911	1991	51
3857	1991	50
2244	1991	96
755	1991	59
5	1991	1
1359	1991	28
2202	1991	8
4440	1991	88
4928	1991	45
2534	1991	35
2104	1991	60
5506	1991	39
1413	1991	44
5151	1991	6
900	1991	34
3046	1991	43
3024	1991	69
3941	1991	81
4483	1991	38
2993	1991	49
2836	1992	98
4072	1992	44
1087	1992	25
5408	1992	54
2393	1992	13
2640	1992	10
3260	1992	38
2322	1992	51
2906	1992	30
2058	1992	33
5155	1992	8
4001	1992	4
4854	1992	63
3434	1992	68
2694	1992	61
1196	1992	26
418	1992	78
2682	1992	94
3699	1992	47
5290	1992	97
4391	1992	45
5513	1992	49
3335	1992	7
2659	1992	95
194	1992	9
3350	1992	57
2486	1992	66
4916	1992	89
4629	1992	35
3654	1992	67
3840	1992	19
1824	1992	56
583	1992	73
4231	1992	87
3100	1992	42
3855	1992	75
2091	1992	55
2336	1992	16
1813	1992	80
5321	1992	88
4240	1992	32
173	1992	36
1003	1992	34
2675	1992	86
1541	1992	71
4611	1992	6
1337	1992	1
2680	1992	92
4634	1992	40
1533	1992	93
2096	1992	100
374	1992	2
65	1992	46
2218	1992	11
4787	1992	43
2627	1992	3
4906	1992	99
401	1992	5
211	1992	53
3206	1992	77
5145	1992	84
569	1992	14
1977	1992	62
2038	1992	59
2578	1992	37
1717	1992	52
152	1992	76
4141	1992	50
4656	1992	91
5028	1992	58
151	1992	15
3142	1992	27
5007	1992	12
4319	1992	22
1664	1992	29
4582	1992	81
5498	1992	69
5561	1992	90
1462	1992	20
747	1992	23
3520	1992	60
2277	1992	83
4677	1992	41
4949	1992	21
600	1992	39
483	1992	64
4956	1992	74
2451	1992	28
5255	1992	65
1384	1992	72
3813	1992	85
5384	1992	82
2855	1992	18
1120	1992	70
892	1992	31
1385	1992	79
2630	1992	24
2305	1992	96
652	1992	48
3464	1992	17
2435	1993	7
2955	1993	38
2350	1993	23
1115	1993	24
3554	1993	98
2143	1993	56
5008	1993	83
3456	1993	92
2427	1993	19
3585	1993	34
1228	1993	13
2727	1993	14
2437	1993	35
223	1993	51
5466	1993	2
817	1993	86
2436	1993	96
2986	1993	21
5371	1993	50
425	1993	69
1701	1993	49
5305	1993	6
3855	1993	25
5467	1993	44
315	1993	46
2382	1993	20
88	1993	52
3473	1993	11
5395	1993	76
3576	1993	88
2365	1993	27
2167	1993	30
5501	1993	47
3872	1993	29
2364	1993	39
1066	1993	66
381	1993	40
1133	1993	71
258	1993	85
1650	1993	84
2157	1993	63
4170	1993	17
5127	1993	100
5126	1993	28
2124	1993	42
2766	1993	15
1811	1993	32
640	1993	91
789	1993	61
1456	1993	87
2548	1993	78
1269	1993	53
3243	1993	79
2649	1993	55
495	1993	57
1529	1993	5
1910	1993	59
886	1993	41
293	1993	72
738	1993	99
2323	1993	36
4661	1993	4
2038	1993	80
1277	1993	8
2495	1993	12
4957	1993	93
4523	1993	77
897	1993	48
611	1993	75
3273	1993	31
1931	1993	64
2509	1993	10
1050	1993	16
2914	1993	94
5321	1993	62
2302	1993	1
309	1993	97
2322	1993	43
3531	1993	54
3789	1993	67
5333	1993	82
1949	1993	45
4216	1993	37
1924	1993	95
4814	1993	26
1518	1993	73
1415	1993	89
3818	1993	90
2510	1993	65
4813	1993	68
743	1993	3
3953	1993	9
4655	1993	70
4005	1993	33
142	1993	18
3965	1993	22
3819	1993	81
975	1993	60
168	1993	74
3813	1993	58
2455	1994	23
396	1994	21
4147	1994	31
274	1994	72
4442	1994	44
1760	1994	74
1633	1994	52
614	1994	99
209	1994	34
3017	1994	94
3740	1994	83
5706	1994	64
1379	1994	86
5380	1994	26
402	1994	24
56	1994	46
2879	1994	49
223	1994	9
4438	1994	54
2	1994	70
3903	1994	71
326	1994	47
488	1994	48
1479	1994	81
5365	1994	62
5378	1994	14
948	1994	68
290	1994	98
5484	1994	15
1729	1994	88
3138	1994	77
235	1994	8
3979	1994	32
5638	1994	17
660	1994	7
732	1994	18
3213	1994	35
5142	1994	82
731	1994	36
2409	1994	92
3466	1994	25
2962	1994	50
894	1994	43
2267	1994	100
1279	1994	75
1917	1994	5
4155	1994	29
4773	1994	19
168	1994	12
492	1994	40
3385	1994	53
2323	1994	38
3849	1994	33
3382	1994	67
5529	1994	16
4388	1994	80
2354	1994	95
262	1994	91
1575	1994	39
2505	1994	90
4047	1994	84
769	1994	41
2254	1994	2
1339	1994	56
5333	1994	97
2088	1994	66
263	1994	73
313	1994	63
2649	1994	69
2345	1994	3
5466	1994	42
1226	1994	10
1061	1994	89
2352	1994	13
3702	1994	27
1898	1994	85
3834	1994	22
4800	1994	4
324	1994	78
688	1994	11
5161	1994	58
412	1994	93
1523	1994	51
2688	1994	61
1431	1994	20
974	1994	60
4826	1994	1
5042	1994	65
4393	1994	6
2224	1994	57
1556	1994	37
320	1994	30
480	1994	79
1218	1994	87
4267	1994	28
2379	1994	45
267	1994	96
1621	1994	55
4923	1994	59
3272	1994	76
543	1995	47
56	1995	82
1577	1995	1
3954	1995	38
4939	1995	68
3959	1995	14
519	1995	98
675	1995	77
4033	1995	56
3538	1995	23
346	1995	39
5656	1995	64
3962	1995	29
363	1995	37
4930	1995	10
1270	1995	92
4638	1995	94
1357	1995	74
3821	1995	28
1528	1995	13
2459	1995	34
1217	1995	9
2687	1995	53
3924	1995	55
1432	1995	7
1536	1995	57
313	1995	6
612	1995	18
4980	1995	88
3694	1995	72
4047	1995	71
4588	1995	8
1648	1995	97
2490	1995	35
3564	1995	33
2717	1995	4
262	1995	17
5655	1995	79
349	1995	83
1443	1995	73
4921	1995	70
4626	1995	65
2203	1995	91
2311	1995	58
906	1995	80
4832	1995	75
775	1995	60
754	1995	100
922	1995	93
5107	1995	87
209	1995	67
4472	1995	48
4466	1995	84
2226	1995	96
761	1995	66
5590	1995	21
2878	1995	90
5263	1995	12
2340	1995	42
1832	1995	40
5611	1995	61
1058	1995	51
1060	1995	41
2079	1995	27
4182	1995	43
872	1995	31
890	1995	69
2353	1995	95
2087	1995	15
509	1995	59
5265	1995	2
2799	1995	26
1814	1995	16
5042	1995	63
3423	1995	78
63	1995	89
2267	1995	49
2345	1995	50
4158	1995	76
767	1995	25
409	1995	62
5047	1995	19
1362	1995	45
1898	1995	24
4443	1995	30
679	1995	86
4305	1995	32
2186	1995	11
1700	1995	85
1965	1995	81
1966	1995	22
1968	1995	52
3191	1995	99
958	1995	3
3503	1995	5
4812	1995	54
5625	1995	20
2152	1995	36
2409	1995	44
501	1995	46
5687	1996	36
1823	1996	93
3723	1996	72
2033	1996	17
1327	1996	59
4873	1996	41
1436	1996	62
5457	1996	25
4643	1996	90
4635	1996	7
4984	1996	50
5054	1996	63
502	1996	38
2294	1996	79
4700	1996	54
3257	1996	53
2603	1996	78
1927	1996	20
711	1996	11
2511	1996	22
3710	1996	91
4881	1996	66
5475	1996	46
3962	1996	84
1997	1996	60
4327	1996	97
931	1996	28
4626	1996	58
462	1996	23
4936	1996	82
3201	1996	12
4212	1996	16
1490	1996	15
930	1996	48
5420	1996	26
3293	1996	88
264	1996	5
2664	1996	68
5171	1996	92
1255	1996	35
5673	1996	9
1953	1996	86
346	1996	76
3353	1996	24
1578	1996	33
2523	1996	13
3444	1996	4
2759	1996	52
3451	1996	32
2552	1996	18
51	1996	40
477	1996	94
322	1996	43
5629	1996	29
1432	1996	49
5644	1996	83
3567	1996	34
3564	1996	99
2153	1996	96
831	1996	65
2444	1996	75
1657	1996	6
1167	1996	100
3556	1996	30
809	1996	19
2741	1996	70
2973	1996	21
5545	1996	57
1154	1996	61
5149	1996	81
5544	1996	56
409	1996	95
2214	1996	8
487	1996	3
3500	1996	74
5024	1996	64
5668	1996	51
5451	1996	80
2721	1996	47
3547	1996	2
2697	1996	71
5119	1996	10
857	1996	67
4532	1996	37
244	1996	55
2685	1996	77
5537	1996	31
1603	1996	89
3412	1996	42
2097	1996	27
1097	1996	45
3085	1996	1
2467	1996	69
60	1996	44
651	1996	39
3084	1996	98
3429	1996	87
1401	1996	14
4074	1996	85
3441	1996	73
2140	1997	53
3848	1997	8
2083	1997	24
4788	1997	78
2130	1997	59
5248	1997	10
5119	1997	93
5635	1997	14
4300	1997	88
4740	1997	72
4489	1997	39
1366	1997	26
809	1997	67
2198	1997	97
2082	1997	33
749	1997	5
5149	1997	4
2073	1997	25
861	1997	92
1504	1997	13
5091	1997	69
1495	1997	2
865	1997	61
3080	1997	12
1993	1997	32
2951	1997	47
2031	1997	9
2583	1997	40
5177	1997	58
2520	1997	45
5319	1997	74
79	1997	30
5370	1997	76
1380	1997	60
4311	1997	1
2284	1997	22
2552	1997	50
2248	1997	85
3783	1997	11
3085	1997	82
554	1997	15
2214	1997	64
3214	1997	20
1483	1997	79
2080	1997	6
1683	1997	89
64	1997	35
5715	1997	65
997	1997	34
5420	1997	52
538	1997	73
4241	1997	75
1134	1997	29
1736	1997	70
2330	1997	54
3437	1997	80
3575	1997	41
2334	1997	3
237	1997	36
2759	1997	71
1188	1997	7
5648	1997	86
5422	1997	38
5404	1997	95
4023	1997	28
3442	1997	16
686	1997	63
3333	1997	51
3453	1997	46
2816	1997	96
4059	1997	17
197	1997	43
2808	1997	100
5673	1997	98
3723	1997	62
2478	1997	27
1598	1997	48
1800	1997	19
3386	1997	56
1229	1997	84
3257	1997	42
3542	1997	90
5403	1997	57
4715	1997	21
3502	1997	83
454	1997	18
703	1997	91
5641	1997	99
4049	1997	77
983	1997	37
1567	1997	31
3352	1997	81
2390	1997	44
2444	1997	55
3288	1997	68
451	1997	94
3413	1997	23
1169	1997	87
233	1997	49
709	1997	66
1623	1998	70
597	1998	24
4917	1998	98
2253	1998	63
2109	1998	58
237	1998	76
4171	1998	29
4059	1998	57
765	1998	8
3099	1998	40
3101	1998	41
3399	1998	9
2115	1998	26
1620	1998	14
2765	1998	61
3930	1998	48
1146	1998	89
1696	1998	33
1368	1998	22
4904	1998	39
5013	1998	6
5348	1998	31
489	1998	82
3552	1998	51
5027	1998	1
5313	1998	100
4684	1998	2
2719	1998	46
2159	1998	67
2956	1998	60
4418	1998	85
2145	1998	43
2952	1998	59
4668	1998	53
213	1998	7
3035	1998	88
2136	1998	10
5200	1998	68
2134	1998	23
2551	1998	49
4552	1998	52
5037	1998	69
3448	1998	99
3440	1998	12
557	1998	79
4077	1998	28
5413	1998	38
2844	1998	27
5049	1998	77
4938	1998	25
1027	1998	80
5099	1998	73
1550	1998	32
4987	1998	64
3312	1998	13
5091	1998	35
1866	1998	91
2329	1998	74
5300	1998	56
1543	1998	72
3292	1998	34
4011	1998	45
1495	1998	87
5682	1998	3
2286	1998	37
3285	1998	17
4788	1998	86
3228	1998	78
2303	1998	50
156	1998	20
5082	1998	4
4278	1998	93
968	1998	21
4797	1998	92
3783	1998	62
3334	1998	54
79	1998	96
3806	1998	75
1067	1998	36
198	1998	84
1437	1998	97
1045	1998	55
129	1998	95
497	1998	19
4777	1998	83
3376	1998	42
5635	1998	15
703	1998	94
4708	1998	18
2053	1998	11
895	1998	47
2031	1998	5
4356	1998	81
3798	1998	90
3346	1998	16
131	1998	30
2030	1998	71
1445	1998	44
337	1998	65
963	1998	66
810	1999	71
4261	1999	80
4576	1999	91
406	1999	75
530	1999	96
403	1999	49
4642	1999	32
5586	1999	59
730	1999	39
327	1999	47
508	1999	1
3996	1999	95
4299	1999	30
489	1999	69
4478	1999	38
4536	1999	43
4398	1999	92
4627	1999	48
4026	1999	34
4221	1999	13
4403	1999	78
5335	1999	28
4142	1999	51
1249	1999	41
4729	1999	37
4318	1999	86
4134	1999	52
558	1999	64
549	1999	21
4899	1999	66
438	1999	26
5360	1999	27
4251	1999	19
408	1999	82
4355	1999	65
3999	1999	22
249	1999	76
1855	1999	35
1545	1999	57
273	1999	85
2306	1999	70
2110	1999	68
1521	1999	24
5492	1999	33
1777	1999	54
2394	1999	16
205	1999	25
2765	1999	31
5410	1999	83
2758	1999	23
1789	1999	72
1798	1999	89
1482	1999	29
2712	1999	6
5073	1999	60
295	1999	18
2450	1999	61
2283	1999	15
3432	1999	2
5168	1999	20
3172	1999	53
3077	1999	46
114	1999	93
2135	1999	67
5401	1999	99
3122	1999	42
3595	1999	88
2999	1999	58
1622	1999	87
3125	1999	77
2456	1999	12
2039	1999	84
221	1999	17
93	1999	50
5428	1999	11
214	1999	74
2233	1999	79
1581	1999	7
3448	1999	9
2250	1999	36
2912	1999	10
5450	1999	55
1815	1999	14
3708	1999	56
1652	1999	63
2598	1999	90
8	1999	45
2631	1999	40
7	1999	100
3332	1999	73
1853	1999	4
5566	1999	98
1398	1999	62
3283	1999	97
2522	1999	94
46	1999	5
300	1999	3
1364	1999	8
2570	1999	44
1412	1999	81
1411	2000	66
2264	2000	42
3281	2000	17
3158	2000	70
2227	2000	44
5514	2000	36
935	2000	29
3637	2000	71
1739	2000	98
466	2000	37
2005	2000	32
1595	2000	24
939	2000	95
2233	2000	23
1223	2000	86
784	2000	72
585	2000	49
1011	2000	89
5425	2000	81
4862	2000	41
4658	2000	74
2263	2000	26
4780	2000	76
2036	2000	82
408	2000	20
4098	2000	68
3561	2000	67
2122	2000	96
1654	2000	57
5317	2000	90
3580	2000	55
4088	2000	100
1639	2000	93
224	2000	40
3586	2000	59
404	2000	33
4676	2000	80
879	2000	38
5138	2000	65
1151	2000	18
2172	2000	87
1389	2000	5
2558	2000	27
3332	2000	47
127	2000	61
2183	2000	7
2197	2000	91
4068	2000	63
5482	2000	53
3135	2000	3
2537	2000	34
437	2000	69
5352	2000	19
2274	2000	4
631	2000	94
2278	2000	56
4807	2000	51
4952	2000	14
3420	2000	39
4892	2000	16
947	2000	78
3250	2000	52
2633	2000	13
1829	2000	10
3291	2000	83
515	2000	9
2502	2000	97
2732	2000	15
5645	2000	22
4636	2000	45
669	2000	84
3384	2000	43
665	2000	30
2500	2000	25
4593	2000	58
1826	2000	62
5213	2000	99
659	2000	1
1073	2000	50
532	2000	88
4887	2000	48
1944	2000	11
1519	2000	73
4172	2000	31
4521	2000	75
149	2000	35
1548	2000	77
4652	2000	28
4015	2000	6
5538	2000	54
5579	2000	79
73	2000	92
2309	2000	64
5086	2000	12
5356	2000	85
2835	2000	46
273	2000	8
4252	2000	2
708	2000	21
542	2000	60
3563	2001	59
4264	2001	94
3277	2001	25
460	2001	96
3280	2001	83
4304	2001	38
3539	2001	86
3536	2001	57
3381	2001	61
3202	2001	49
1025	2001	58
3287	2001	74
950	2001	36
5433	2001	16
4342	2001	33
169	2001	9
4344	2001	77
3250	2001	97
1096	2001	50
5104	2001	70
1011	2001	93
907	2001	81
1787	2001	1
1841	2001	64
1764	2001	78
1828	2001	28
5343	2001	22
1952	2001	11
1891	2001	100
5514	2001	39
1914	2001	90
3446	2001	55
4827	2001	65
1916	2001	99
3421	2001	69
954	2001	54
2975	2001	67
5394	2001	46
1284	2001	21
5650	2001	91
1222	2001	34
784	2001	40
3648	2001	20
1457	2001	45
1461	2001	37
1306	2001	95
4862	2001	27
2465	2001	6
2909	2001	79
296	2001	17
3772	2001	30
2266	2001	84
4503	2001	53
4512	2001	23
2403	2001	89
3757	2001	48
2748	2001	24
2380	2001	5
2374	2001	43
1489	2001	19
241	2001	41
2358	2001	73
2815	2001	7
2310	2001	87
2732	2001	44
2113	2001	60
1291	2001	4
3688	2001	72
705	2001	29
1606	2001	92
355	2001	76
4929	2001	51
2585	2001	88
2554	2001	14
2591	2001	52
2549	2001	12
474	2001	75
2596	2001	47
3866	2001	18
4455	2001	13
5139	2001	15
2525	2001	63
2172	2001	32
2177	2001	56
1180	2001	85
1420	2001	2
4433	2001	62
2576	2001	68
2502	2001	10
3574	2001	98
5452	2001	82
236	2001	3
1613	2001	35
4639	2001	8
613	2001	42
4893	2001	66
1426	2001	31
184	2001	71
2979	2001	26
3061	2001	80
1916	2002	22
2432	2002	69
1864	2002	31
594	2002	10
177	2002	13
1915	2002	25
4275	2002	35
4721	2002	82
1876	2002	59
1906	2002	78
2663	2002	34
2488	2002	7
5259	2002	26
3259	2002	55
2654	2002	43
2113	2002	100
5295	2002	83
135	2002	6
2961	2002	63
2212	2002	60
5430	2002	98
902	2002	11
2050	2002	1
5144	2002	90
126	2002	91
89	2002	52
4376	2002	87
4416	2002	50
847	2002	47
5134	2002	16
4766	2002	14
125	2002	39
5435	2002	5
3079	2002	73
5320	2002	65
5136	2002	9
1918	2002	32
2942	2002	97
2231	2002	15
1928	2002	53
3244	2002	58
2366	2002	29
704	2002	64
5523	2002	21
2864	2002	49
737	2002	56
155	2002	40
5158	2002	71
741	2002	45
144	2002	51
2910	2002	76
2013	2002	3
2916	2002	93
772	2002	72
5160	2002	66
2232	2002	18
5104	2002	92
4498	2002	46
2866	2002	99
3906	2002	85
3435	2002	42
3340	2002	20
1555	2002	89
1576	2002	19
4868	2002	70
1695	2002	75
1618	2002	24
3455	2002	37
5416	2002	28
1778	2002	95
1709	2002	84
3324	2002	94
1254	2002	44
362	2002	81
3486	2002	30
323	2002	88
3639	2002	62
1426	2002	17
1347	2002	57
1738	2002	61
1047	2002	80
3927	2002	77
1790	2002	41
1632	2002	74
5554	2002	54
5363	2002	8
1096	2002	68
1643	2002	33
1774	2002	48
232	2002	23
270	2002	12
1192	2002	36
3579	2002	38
3422	2002	79
1286	2002	86
4214	2002	96
3530	2002	27
1493	2002	2
1098	2002	4
3795	2002	67
5174	2003	6
2468	2003	2
336	2003	56
3167	2003	25
3672	2003	9
2519	2003	73
5390	2003	5
4717	2003	27
1234	2003	71
2466	2003	60
757	2003	85
4497	2003	98
3433	2003	91
2516	2003	23
188	2003	40
5427	2003	26
5245	2003	63
4407	2003	94
1185	2003	97
849	2003	81
473	2003	42
4099	2003	13
3095	2003	20
2084	2003	58
2484	2003	1
3811	2003	99
3790	2003	83
2190	2003	17
2481	2003	50
880	2003	92
3820	2003	86
1460	2003	79
472	2003	16
4372	2003	51
4123	2003	70
2048	2003	31
2961	2003	28
3610	2003	21
48	2003	37
5705	2003	48
1728	2003	43
4461	2003	77
2606	2003	55
1600	2003	11
368	2003	12
1586	2003	3
5159	2003	59
1203	2003	38
1981	2003	76
3193	2003	44
4937	2003	47
1911	2003	62
70	2003	14
3383	2003	41
2555	2003	65
5554	2003	36
3197	2003	8
1816	2003	90
666	2003	10
1517	2003	57
4205	2003	89
3878	2003	7
4951	2003	61
292	2003	69
1004	2003	46
4810	2003	52
1840	2003	49
1875	2003	74
3303	2003	68
3331	2003	64
689	2003	22
1488	2003	88
59	2003	84
1283	2003	19
2410	2003	18
2754	2003	35
5473	2003	53
3901	2003	32
5341	2003	87
3774	2003	82
4265	2003	39
499	2003	75
748	2003	24
746	2003	67
1400	2003	54
2876	2003	96
1549	2003	34
4019	2003	100
2285	2003	95
3909	2003	29
972	2003	30
956	2003	4
2865	2003	66
4743	2003	72
4967	2003	80
3415	2003	33
3045	2003	78
204	2003	15
4183	2003	93
728	2003	45
369	2004	69
2903	2004	81
5140	2004	72
1537	2004	14
2148	2004	100
1297	2004	85
5669	2004	93
5000	2004	11
2834	2004	88
2655	2004	98
3984	2004	49
3677	2004	39
5474	2004	75
1551	2004	63
2849	2004	99
5441	2004	36
4407	2004	78
2430	2004	3
1626	2004	80
657	2004	79
4865	2004	5
2391	2004	60
647	2004	74
2960	2004	58
807	2004	91
2922	2004	44
4962	2004	61
5247	2004	86
2793	2004	40
1221	2004	92
5573	2004	1
1570	2004	65
3607	2004	31
281	2004	90
2786	2004	10
4462	2004	46
1601	2004	70
4491	2004	20
2201	2004	52
692	2004	2
3604	2004	96
4941	2004	4
4707	2004	28
55	2004	77
2126	2004	7
3839	2004	82
3517	2004	73
3505	2004	55
5414	2004	89
3829	2004	97
5517	2004	50
1724	2004	9
1391	2004	83
903	2004	12
1911	2004	15
4129	2004	35
1792	2004	94
3261	2004	22
202	2004	47
334	2004	76
3153	2004	26
1089	2004	34
3155	2004	51
5102	2004	27
3185	2004	41
1102	2004	21
3937	2004	56
1982	2004	87
4332	2004	53
5057	2004	48
3470	2004	33
5478	2004	62
1100	2004	23
4298	2004	17
4346	2004	84
1936	2004	8
1930	2004	95
2016	2004	32
4373	2004	45
4362	2004	42
3338	2004	30
1289	2004	71
4230	2004	16
3318	2004	19
4232	2004	13
2564	2004	38
1865	2004	37
3308	2004	54
1005	2004	68
3809	2004	64
3548	2004	66
5613	2004	29
1839	2004	67
3294	2004	24
2610	2004	43
3523	2004	25
3290	2004	59
5240	2004	57
3359	2004	18
4808	2004	6
4555	2005	28
3216	2005	59
3208	2005	98
2563	2005	69
2884	2005	35
3317	2005	32
5539	2005	94
2817	2005	38
3681	2005	53
526	2005	68
1983	2005	39
4903	2005	80
1985	2005	2
4227	2005	47
4028	2005	36
5662	2005	12
2818	2005	29
3860	2005	31
3687	2005	51
2869	2005	30
664	2005	65
3267	2005	16
506	2005	10
3294	2005	54
4558	2005	90
345	2005	84
4279	2005	26
2387	2005	95
4284	2005	49
5277	2005	1
5209	2005	63
1805	2005	24
1290	2005	23
3721	2005	18
5704	2005	74
5084	2005	73
2822	2005	3
1036	2005	83
4201	2005	4
5132	2005	97
1110	2005	11
5219	2005	46
1608	2005	82
2959	2005	14
2960	2005	86
2046	2005	19
407	2005	92
1205	2005	13
2670	2005	89
1691	2005	6
3605	2005	48
812	2005	96
1685	2005	70
2666	2005	17
3955	2005	42
629	2005	7
3599	2005	78
1197	2005	81
870	2005	45
1165	2005	9
379	2005	62
1658	2005	100
1439	2005	37
5135	2005	79
3584	2005	87
4094	2005	15
3063	2005	25
478	2005	75
1641	2005	85
2499	2005	64
49	2005	67
795	2005	34
490	2005	72
3482	2005	33
1584	2005	77
793	2005	66
2933	2005	22
3474	2005	91
3472	2005	99
2927	2005	44
3485	2005	21
3471	2005	93
768	2005	8
647	2005	27
3668	2005	43
2132	2005	58
1757	2005	41
5275	2005	88
4339	2005	52
50	2005	5
2738	2005	60
4465	2005	55
1596	2005	50
911	2005	76
4470	2005	40
535	2005	20
4353	2005	57
2512	2005	71
4129	2005	61
2678	2005	56
1439	2006	97
2557	2006	18
3956	2006	16
5662	2006	83
1304	2006	75
37	2006	37
4630	2006	2
4891	2006	58
3932	2006	74
5216	2006	87
3868	2006	8
623	2006	64
1433	2006	53
3767	2006	89
5223	2006	45
3973	2006	19
3766	2006	63
5275	2006	81
5477	2006	95
2611	2006	78
1393	2006	31
1610	2006	80
5361	2006	54
1756	2006	12
5034	2006	72
1121	2006	99
1124	2006	56
4340	2006	88
3145	2006	14
5671	2006	4
2052	2006	27
1692	2006	34
2059	2006	91
5434	2006	43
3553	2006	67
4097	2006	62
1175	2006	50
4395	2006	92
4085	2006	9
4413	2006	40
4083	2006	51
2751	2006	46
465	2006	11
5406	2006	94
1106	2006	48
5329	2006	26
1031	2006	23
3326	2006	61
180	2006	32
3317	2006	42
1013	2006	33
4236	2006	66
4255	2006	24
427	2006	1
3278	2006	36
5141	2006	52
1806	2006	82
4272	2006	55
5048	2006	73
3258	2006	21
4175	2006	79
5346	2006	47
4165	2006	59
3225	2006	35
1951	2006	5
949	2006	7
4270	2006	17
1631	2006	69
561	2006	57
2257	2006	85
2854	2006	76
2881	2006	30
5175	2006	6
498	2006	84
5167	2006	60
3668	2006	38
818	2006	10
2320	2006	20
5456	2006	71
5163	2006	28
2926	2006	22
5391	2006	90
4003	2006	49
4008	2006	86
490	2006	39
4470	2006	68
2791	2006	25
3755	2006	3
2387	2006	98
1505	2006	100
3602	2006	13
2191	2006	70
815	2006	29
803	2006	65
726	2006	77
2357	2006	41
5584	2006	44
2974	2006	93
4454	2006	96
706	2006	15
4723	2007	77
68	2007	78
329	2007	66
359	2007	87
500	2007	6
4950	2007	37
4965	2007	73
5211	2007	41
4852	2007	18
4831	2007	3
539	2007	4
5224	2007	79
4935	2007	16
99	2007	56
5148	2007	2
5131	2007	29
476	2007	62
475	2007	31
4855	2007	53
491	2007	57
534	2007	97
5216	2007	47
494	2007	72
4922	2007	32
544	2007	75
457	2007	33
5227	2007	30
2569	2007	17
707	2007	5
3730	2007	34
4160	2007	54
4480	2007	39
3835	2007	74
1410	2007	52
3327	2007	26
3057	2007	96
2807	2007	65
4114	2007	60
5505	2007	83
2966	2007	48
5587	2007	40
4086	2007	63
2401	2007	49
2760	2007	42
2423	2007	45
681	2007	67
4444	2007	27
2429	2007	50
5309	2007	59
4181	2007	90
1474	2007	86
5453	2007	69
1454	2007	19
984	2007	23
989	2007	84
945	2007	20
4258	2007	91
5326	2007	22
3756	2007	71
3428	2007	76
4237	2007	15
2262	2007	58
2276	2007	8
2881	2007	46
2871	2007	68
1433	2007	94
3369	2007	70
815	2007	61
1200	2007	11
5331	2007	38
1651	2007	21
2524	2007	1
4651	2007	99
2052	2007	24
3899	2007	95
2681	2007	64
1989	2007	25
2536	2007	55
4014	2007	9
1934	2007	7
3514	2007	82
3634	2007	14
1642	2007	12
1895	2007	81
3985	2007	100
3919	2007	36
4610	2007	89
641	2007	85
1597	2007	51
1678	2007	80
3110	2007	13
3600	2007	88
3102	2007	43
3226	2007	92
1670	2007	10
3964	2007	35
5287	2007	28
3626	2007	98
2710	2007	93
3105	2007	44
3001	2008	74
1807	2008	62
5672	2008	93
5535	2008	80
967	2008	76
5516	2008	9
1028	2008	29
4273	2008	24
3000	2008	72
153	2008	97
2182	2008	14
1002	2008	42
1450	2008	95
990	2008	71
2015	2008	36
5055	2008	22
1216	2008	17
3815	2008	67
3322	2008	88
4853	2008	96
4078	2008	50
4081	2008	11
3068	2008	1
4053	2008	31
1873	2008	99
4090	2008	55
4093	2008	32
4841	2008	69
123	2008	43
2074	2008	77
3621	2008	35
1418	2008	58
1114	2008	16
3041	2008	8
3023	2008	81
3021	2008	7
5345	2008	51
3013	2008	94
330	2008	5
4006	2008	60
5377	2008	15
3275	2008	91
4122	2008	100
3411	2008	6
2221	2008	75
3674	2008	83
222	2008	85
4584	2008	34
681	2008	21
1705	2008	79
5203	2008	13
4589	2008	12
695	2008	73
4549	2008	56
2399	2008	27
733	2008	46
744	2008	86
2810	2008	65
3711	2008	18
700	2008	38
4499	2008	63
2711	2008	19
533	2008	53
4683	2008	84
576	2008	2
2568	2008	52
2518	2008	98
2501	2008	45
3626	2008	25
4606	2008	30
3592	2008	41
2485	2008	59
1599	2008	66
539	2008	78
2477	2008	87
3546	2008	61
4610	2008	48
2647	2008	82
1730	2008	40
2796	2008	28
2924	2008	70
2925	2008	4
4329	2008	44
859	2008	26
5383	2008	49
3428	2008	3
3194	2008	57
945	2008	54
78	2008	23
4427	2008	33
1511	2008	10
2870	2008	47
2239	2008	89
3773	2008	68
4460	2008	64
277	2008	39
2904	2008	37
90	2008	92
1478	2008	90
854	2008	20
1358	2009	67
1663	2009	10
3549	2009	89
3918	2009	80
4964	2009	71
3638	2009	29
1892	2009	85
3388	2009	100
1333	2009	62
3392	2009	61
1469	2009	33
5535	2009	39
256	2009	95
3653	2009	93
3747	2009	99
1421	2009	68
3726	2009	98
3845	2009	83
1737	2009	51
5376	2009	94
3323	2009	23
1472	2009	60
3701	2009	52
1719	2009	96
1747	2009	92
3875	2009	56
1512	2009	88
3877	2009	6
5377	2009	40
5374	2009	34
1704	2009	43
3436	2009	63
3480	2009	41
1857	2009	9
1776	2009	24
3957	2009	31
3718	2009	2
4885	2009	84
4463	2009	58
830	2009	81
838	2009	27
5617	2009	13
5173	2009	69
2905	2009	18
471	2009	54
941	2009	47
2242	2009	90
459	2009	57
3194	2009	59
2205	2009	73
4276	2009	38
4273	2009	45
2980	2009	72
2192	2009	17
1038	2009	28
76	2009	87
3001	2009	44
69	2009	78
2811	2009	32
571	2009	16
553	2009	37
2645	2009	3
4694	2009	21
609	2009	1
540	2009	75
5221	2009	36
644	2009	65
2713	2009	19
2448	2009	74
2447	2009	70
2725	2009	15
2441	2009	48
520	2009	22
5203	2009	55
2399	2009	7
4531	2009	66
5189	2009	14
1055	2009	12
3620	2009	53
4206	2009	8
2018	2009	46
3056	2009	35
1251	2009	20
5110	2009	49
4009	2009	97
4130	2009	64
2112	2009	91
2037	2009	86
5103	2009	79
2015	2009	25
3087	2009	42
1116	2009	82
1114	2009	77
3023	2009	5
4046	2009	26
5442	2009	76
2161	2009	4
1225	2009	30
2165	2009	50
5598	2009	11
3298	2010	56
2434	2010	92
3157	2010	58
5011	2010	84
2673	2010	18
2471	2010	20
2472	2010	70
3560	2010	47
2479	2010	14
1921	2010	82
2661	2010	35
3186	2010	46
1938	2010	3
150	2010	55
5088	2010	99
3190	2010	62
3601	2010	60
2706	2010	95
3302	2010	73
5711	2010	28
5189	2010	87
2161	2010	29
2196	2010	12
5150	2010	78
5698	2010	50
1796	2010	49
1819	2010	39
3051	2010	7
2222	2010	80
3362	2010	2
5162	2010	88
3358	2010	77
5708	2010	66
2902	2010	48
191	2010	33
3450	2010	24
3059	2010	100
2872	2010	37
3458	2010	11
189	2010	6
5124	2010	72
76	2010	69
3478	2010	5
3090	2010	63
2041	2010	36
203	2010	79
570	2010	51
3620	2010	64
1139	2010	53
4080	2010	26
4052	2010	76
4018	2010	85
364	2010	44
1252	2010	41
4007	2010	31
1302	2010	9
3950	2010	15
4890	2010	83
1318	2010	89
1334	2010	21
3897	2010	75
5372	2010	45
3870	2010	90
3869	2010	34
5374	2010	43
3845	2010	25
305	2010	61
1078	2010	68
1463	2010	32
431	2010	8
4242	2010	97
548	2010	23
627	2010	52
4616	2010	16
4615	2010	17
4608	2010	98
646	2010	10
650	2010	27
4568	2010	59
687	2010	42
4735	2010	91
4531	2010	86
721	2010	4
496	2010	13
781	2010	38
4447	2010	81
858	2010	40
919	2010	19
4793	2010	93
991	2010	22
5598	2010	57
1472	2010	30
2853	2010	96
1513	2010	71
4979	2010	1
243	2010	54
4972	2010	65
3638	2010	67
256	2010	74
278	2010	94
2756	2011	14
4128	2011	95
4116	2011	89
3560	2011	40
2407	2011	47
1103	2011	43
4840	2011	37
4084	2011	57
1553	2011	19
5354	2011	62
239	2011	59
2434	2011	35
1242	2011	68
1552	2011	7
2051	2011	23
5293	2011	30
5429	2011	88
1706	2011	25
1261	2011	22
4409	2011	36
4587	2011	90
522	2011	86
1653	2011	5
3635	2011	2
1231	2011	87
4981	2011	27
4824	2011	28
419	2011	84
2873	2011	72
4411	2011	54
2272	2011	46
869	2011	99
820	2011	77
83	2011	41
5455	2011	78
899	2011	38
934	2011	81
2861	2011	34
2230	2011	51
415	2011	74
4301	2011	24
952	2011	76
5634	2011	48
4495	2011	8
452	2011	79
1684	2011	94
992	2011	65
5017	2011	16
4746	2011	26
3513	2011	11
4505	2011	92
5020	2011	32
2949	2011	21
4615	2011	75
2723	2011	80
1994	2011	67
3254	2011	53
3262	2011	9
2487	2011	83
5288	2011	69
3926	2011	1
3972	2011	12
3914	2011	58
3320	2011	100
2644	2011	10
1755	2011	6
5567	2011	63
1919	2011	39
1838	2011	85
3841	2011	82
5664	2011	98
3797	2011	17
305	2011	97
3745	2011	70
2600	2011	55
3748	2011	93
580	2011	33
1473	2011	3
3769	2011	13
3414	2011	45
1508	2011	66
335	2011	96
3923	2011	56
617	2011	18
2673	2011	15
628	2011	64
1302	2011	44
5364	2011	20
1307	2011	4
5572	2011	49
4701	2011	29
3700	2011	91
3219	2011	50
568	2011	31
5524	2011	73
1960	2011	60
3237	2011	61
2665	2011	42
5716	2011	71
2661	2011	52
632	2012	28
4591	2012	88
848	2012	72
2580	2012	91
4445	2012	7
2863	2012	5
4562	2012	23
5481	2012	15
1669	2012	6
2550	2012	26
3629	2012	31
785	2012	92
3636	2012	29
5004	2012	24
584	2012	70
552	2012	79
5294	2012	90
1661	2012	39
3646	2012	4
2317	2012	25
5665	2012	89
5289	2012	8
581	2012	37
5486	2012	11
2514	2012	48
2838	2012	65
2823	2012	74
725	2012	2
3624	2012	69
676	2012	59
693	2012	100
80	2012	86
3416	2012	54
3540	2012	18
1268	2012	78
5105	2012	84
1287	2012	19
1295	2012	53
350	2012	51
5424	2012	21
5101	2012	35
1990	2012	49
347	2012	34
1712	2012	38
3952	2012	64
1958	2012	68
3722	2012	67
5272	2012	33
5525	2012	50
158	2012	97
5703	2012	32
3401	2012	40
5555	2012	63
1799	2012	95
3785	2012	45
5273	2012	3
1444	2012	42
4410	2012	61
3827	2012	82
3452	2012	60
3734	2012	75
1375	2012	22
1351	2012	99
3926	2012	71
3263	2012	36
1844	2012	77
136	2012	87
3163	2012	27
1486	2012	98
5250	2012	55
4266	2012	80
4287	2012	14
5553	2012	73
4289	2012	1
4789	2012	41
1006	2012	57
4303	2012	43
1574	2012	47
4364	2012	58
881	2012	76
4775	2012	20
4382	2012	9
82	2012	81
4306	2012	96
5026	2012	30
5252	2012	52
1086	2012	94
1094	2012	85
411	2012	62
3039	2012	83
5440	2012	17
1702	2012	16
4034	2012	44
1227	2012	56
5340	2012	10
2129	2012	93
1156	2012	46
4084	2012	13
4073	2012	12
1703	2012	66
5565	2013	18
5281	2013	17
5252	2013	92
5388	2013	8
0	2013	81
5217	2013	19
2823	2013	86
2800	2013	97
2648	2013	7
2580	2013	47
2361	2013	99
2308	2013	52
2281	2013	72
2228	2013	56
2207	2013	28
2184	2013	16
2106	2013	64
1990	2013	46
1988	2013	22
1972	2013	34
1958	2013	12
2897	2013	65
2921	2013	11
3004	2013	39
3019	2013	51
4287	2013	58
4035	2013	23
3986	2013	43
3980	2013	25
3978	2013	29
3966	2013	98
3943	2013	15
1947	2013	77
3889	2013	10
3737	2013	48
3735	2013	70
3540	2013	38
3398	2013	88
3342	2013	40
3189	2013	6
3120	2013	89
3787	2013	3
4383	2013	32
1843	2013	50
1775	2013	85
779	2013	76
745	2013	5
684	2013	91
637	2013	96
633	2013	60
599	2013	83
592	2013	2
521	2013	74
517	2013	67
482	2013	42
421	2013	59
331	2013	37
158	2013	84
71	2013	71
1	2013	95
791	2013	68
842	2013	24
873	2013	33
932	2013	63
1697	2013	61
1638	2013	49
1615	2013	94
1602	2013	14
1574	2013	55
1554	2013	41
1446	2013	36
1803	2013	4
1262	2013	93
1094	2013	57
1086	2013	27
1070	2013	62
1046	2013	35
986	2013	21
965	2013	9
946	2013	69
1246	2013	26
4390	2013	13
2538	2013	90
4714	2013	73
4541	2013	44
5076	2013	82
4504	2013	80
4649	2013	78
4665	2013	75
4551	2013	79
4485	2013	45
5143	2013	87
5085	2013	53
4960	2013	1
4417	2013	100
5068	2013	30
5207	2013	54
4471	2013	20
4795	2013	66
4851	2013	31
307	2014	71
3071	2014	30
1129	2014	84
1158	2014	52
1070	2014	23
3011	2014	78
5448	2014	92
1220	2014	42
626	2014	68
4524	2014	75
1101	2014	66
3015	2014	67
3132	2014	29
289	2014	36
3150	2014	70
4982	2014	11
5083	2014	61
3454	2014	45
279	2014	73
271	2014	14
3419	2014	87
3314	2014	58
1034	2014	2
4476	2014	33
3351	2014	53
3393	2014	77
283	2014	86
2800	2014	19
610	2014	34
2114	2014	98
1429	2014	4
518	2014	31
5098	2014	15
2004	2014	54
551	2014	80
593	2014	83
1973	2014	55
4765	2014	48
1791	2014	1
4769	2014	16
1771	2014	32
566	2014	26
4931	2014	49
1920	2014	60
2858	2014	72
510	2014	89
468	2014	91
2805	2014	21
637	2014	74
2795	2014	76
2764	2014	28
2737	2014	82
1294	2014	35
5565	2014	44
1296	2014	79
5483	2014	40
439	2014	38
447	2014	27
456	2014	81
4598	2014	6
4609	2014	18
5217	2014	22
639	2014	37
306	2014	62
3889	2014	46
4017	2014	17
896	2014	88
4452	2014	96
3787	2014	57
806	2014	25
3805	2014	41
843	2014	50
66	2014	65
4307	2014	99
4202	2014	56
4095	2014	13
195	2014	8
176	2014	47
4429	2014	24
4399	2014	10
3949	2014	7
72	2014	90
691	2014	39
157	2014	100
3754	2014	9
4177	2014	69
238	2014	3
130	2014	51
750	2014	85
3631	2014	95
4397	2014	94
47	2014	97
4125	2014	93
932	2014	5
915	2014	59
3943	2014	20
3720	2014	12
4169	2014	43
694	2014	63
3689	2014	64
5495	2015	57
4180	2015	6
2120	2015	55
1322	2015	52
4124	2015	97
86	2015	21
5080	2015	66
1321	2015	96
5251	2015	17
5628	2015	59
1308	2015	9
805	2015	68
2378	2015	26
4601	2015	37
446	2015	80
1397	2015	73
2116	2015	47
92	2015	61
5064	2015	4
4233	2015	64
1624	2015	93
1634	2015	63
1718	2015	27
5324	2015	33
1771	2015	77
735	2015	12
1566	2015	32
1524	2015	42
1852	2015	91
555	2015	48
1877	2015	35
1894	2015	94
1480	2015	49
801	2015	43
1929	2015	31
4733	2015	10
1955	2015	83
4730	2015	62
4725	2015	78
578	2015	88
1995	2015	25
4288	2015	41
2019	2015	30
5560	2015	23
2020	2015	85
2029	2015	100
5260	2015	8
5185	2015	1
1458	2015	20
4585	2015	45
2698	2015	87
4095	2015	18
682	2015	89
195	2015	28
2602	2015	38
574	2015	7
3886	2015	71
860	2015	79
3137	2015	75
3844	2015	54
201	2015	69
5268	2015	95
3345	2015	44
1158	2015	92
4456	2015	29
5417	2015	19
4995	2015	39
1056	2015	74
3733	2015	24
3403	2015	98
3439	2015	70
3667	2015	34
918	2015	53
3532	2015	67
4464	2015	5
3559	2015	51
3355	2015	50
3007	2015	13
306	2015	46
819	2015	11
806	2015	90
4577	2015	14
5093	2015	82
4054	2015	3
2777	2015	81
2787	2015	16
1266	2015	65
4399	2015	58
1263	2015	84
3006	2015	56
423	2015	15
2867	2015	76
4918	2015	2
5147	2015	60
414	2015	99
844	2015	72
2920	2015	40
2880	2015	22
4423	2015	36
358	2015	86
756	2016	9
5552	2016	4
1095	2016	64
5029	2016	29
816	2016	11
987	2016	91
1191	2016	8
855	2016	10
850	2016	66
1030	2016	36
1157	2016	35
4934	2016	17
909	2016	41
4978	2016	98
1501	2016	59
1399	2016	53
670	2016	34
5556	2016	16
1260	2016	69
5260	2016	88
5072	2016	28
867	2016	25
1397	2016	63
715	2016	18
1204	2016	48
5479	2016	97
1770	2016	49
4457	2016	68
3728	2016	82
3679	2016	22
3658	2016	100
3616	2016	6
3587	2016	55
5397	2016	83
3524	2016	3
3522	2016	43
3506	2016	81
245	2016	87
3417	2016	90
3410	2016	45
3377	2016	46
3371	2016	60
3364	2016	13
1690	2016	52
212	2016	93
3816	2016	92
3863	2016	20
160	2016	95
4385	2016	94
5324	2016	31
4379	2016	58
4330	2016	2
4328	2016	71
67	2016	57
4211	2016	78
87	2016	54
3176	2016	80
91	2016	12
4060	2016	26
4055	2016	99
5170	2016	67
4010	2016	74
3988	2016	40
4423	2016	23
4439	2016	5
3938	2016	27
4184	2016	77
3152	2016	19
3316	2016	14
3078	2016	70
3146	2016	62
5495	2016	79
2260	2016	15
2189	2016	86
2166	2016	38
2072	2016	73
2057	2016	96
2019	2016	24
5285	2016	50
1941	2016	84
1894	2016	39
1877	2016	7
1862	2016	21
4733	2016	32
1780	2016	56
2493	2016	61
2515	2016	51
735	2016	72
3040	2016	1
417	2016	89
2634	2016	37
2868	2016	42
2820	2016	47
2806	2016	44
2965	2016	76
5443	2016	65
3069	2016	30
2788	2016	85
2650	2016	33
318	2016	75
54	2017	31
559	2017	19
5164	2017	15
74	2017	16
630	2017	35
434	2017	6
5095	2017	55
511	2017	9
624	2017	83
432	2017	41
596	2017	24
598	2017	8
449	2017	48
230	2017	75
5696	2017	78
354	2017	22
671	2017	70
5318	2017	84
776	2017	60
3741	2017	67
3642	2017	65
3627	2017	42
3467	2017	59
3431	2017	91
3171	2017	50
3164	2017	54
3799	2017	53
3140	2017	14
3097	2017	79
3072	2017	66
3048	2017	33
4518	2017	85
4519	2017	64
2981	2017	80
2950	2017	99
3114	2017	89
3828	2017	25
4441	2017	36
3911	2017	44
4386	2017	82
4380	2017	20
4333	2017	47
4313	2017	5
5332	2017	72
4239	2017	94
4229	2017	32
4224	2017	86
4220	2017	71
5339	2017	97
4189	2017	87
4185	2017	43
4110	2017	1
4029	2017	30
4022	2017	11
3922	2017	61
3920	2017	56
2948	2017	39
2919	2017	21
2821	2017	46
4557	2017	52
5568	2017	13
1382	2017	95
1292	2017	81
4968	2017	51
1253	2017	90
1232	2017	38
1126	2017	98
1076	2017	2
993	2017	62
5030	2017	77
5264	2017	88
905	2017	10
863	2017	69
856	2017	7
804	2017	73
787	2017	40
5072	2017	92
1417	2017	37
756	2017	49
1440	2017	45
4896	2017	23
2625	2017	63
2532	2017	27
2531	2017	29
2475	2017	57
2408	2017	12
5490	2017	18
4654	2017	3
2147	2017	93
2138	2017	34
2127	2017	26
4705	2017	100
2065	2017	76
2056	2017	4
4392	2017	17
1862	2017	58
1810	2017	96
1727	2017	68
1449	2017	74
5719	2017	28
